0 0.451823 0.414352 0.0130208 0.0583333
0 0.895052 0.310648 0.0130208 0.0546296
0 0.945833 0.438889 0.0135417 0.0574074
0 0.547917 0.350463 0.0135417 0.0787037
0 0.421094 0.518519 0.0151042 0.0666667
0 0.488542 0.454167 0.0145833 0.0694444
0 0.557031 0.45463 0.0130208 0.0611111
0 0.641406 0.330093 0.0109375 0.0583333
0 0.56901 0.540278 0.0161458 0.0712963
0 0.907292 0.536574 0.0145833 0.0675926
0 0.795052 0.374537 0.0161458 0.0601852
0 0.389583 0.518056 0.0135417 0.0638889
0 0.816927 0.517593 0.0161458 0.0740741
0 0.482552 0.582407 0.0161458 0.0740741
