0 0.567969 0.362037 0.0161458 0.0425926
0 0.347396 0.506481 0.0208333 0.0722222
0 0.613021 0.305556 0.0104167 0.0518519
0 0.692708 0.346296 0.0166667 0.05
0 0.548437 0.419444 0.0177083 0.0537037
0 0.344792 0.528704 0.0229167 0.116667
0 0.341406 0.552778 0.0203125 0.0722222
0 0.303385 0.437037 0.0140625 0.0592593
0 0.461979 0.383796 0.0114583 0.0490741
0 0.491927 0.549074 0.0276042 0.0611111
0 0.74375 0.334722 0.0125 0.0546296
0 0.880729 0.511111 0.015625 0.0703704
0 0.411979 0.424537 0.015625 0.0675926
0 0.5625 0.507407 0.0177083 0.0685185
0 0.890625 0.403241 0.0135417 0.0509259
0 0.81224 0.487037 0.0192708 0.062963
