0 0.679688 0.332407 0.01875 0.0685185
0 0.545833 0.352778 0.0145833 0.0814815
0 0.898958 0.309259 0.0145833 0.0592593
0 0.447396 0.413426 0.0125 0.0601852
0 0.642969 0.331944 0.0130208 0.0564815
0 0.489323 0.452315 0.0182292 0.0675926
0 0.953385 0.438889 0.0161458 0.0555556
0 0.425781 0.514815 0.0182292 0.0666667
0 0.55651 0.455093 0.0130208 0.062037
0 0.798958 0.377315 0.01875 0.0601852
0 0.913021 0.5375 0.0177083 0.0731481
0 0.566927 0.543056 0.0161458 0.0694444
0 0.390885 0.51713 0.0140625 0.0657407
0 0.81849 0.515741 0.0171875 0.0722222
0 0.483333 0.580556 0.0166667 0.0740741
