0 0.698958 0.331944 0.0135417 0.0601852
0 0.659896 0.328241 0.0104167 0.0583333
0 0.679167 0.3375 0.015625 0.0546296
0 0.476302 0.413426 0.0140625 0.0546296
0 0.809635 0.371759 0.0109375 0.0583333
0 0.91224 0.306019 0.0119792 0.0527778
0 0.957552 0.436574 0.0140625 0.0583333
0 0.836719 0.524074 0.0161458 0.0648148
0 0.405469 0.521296 0.0151042 0.0666667
0 0.567708 0.347685 0.0166667 0.0787037
0 0.576563 0.451389 0.0114583 0.0583333
0 0.504167 0.456019 0.0166667 0.0657407
0 0.584896 0.539815 0.0135417 0.0648148
0 0.921875 0.538889 0.015625 0.0685185
0 0.429688 0.531482 0.0177083 0.0740741
0 0.499479 0.582407 0.0197917 0.0796296
