0 0.495313 0.296759 0.0104167 0.0416667
0 0.788802 0.284722 0.0119792 0.0546296
0 0.246875 0.44213 0.015625 0.0564815
0 0.401563 0.388889 0.0114583 0.0444444
0 0.502083 0.360185 0.0166667 0.0462963
0 0.553385 0.306019 0.0119792 0.0546296
0 0.358333 0.430093 0.0197917 0.0638889
0 0.535417 0.312963 0.0135417 0.0555556
0 0.619271 0.344444 0.0197917 0.0518519
0 0.281771 0.553704 0.0197917 0.0759259
0 0.808073 0.506944 0.0151042 0.0675926
0 0.48776 0.418519 0.0119792 0.0574074
0 0.491667 0.506019 0.015625 0.0638889
0 0.819271 0.4 0.0166667 0.0518519
0 0.416667 0.546296 0.0208333 0.0648148
0 0.686198 0.336574 0.0119792 0.0564815
0 0.743229 0.488426 0.0197917 0.0583333
