0 0.613802 0.305556 0.00989583 0.0462963
0 0.464063 0.386111 0.0125 0.0481481
0 0.304948 0.440278 0.0119792 0.0546296
0 0.550521 0.42037 0.015625 0.0537037
0 0.745833 0.335185 0.0114583 0.0518519
0 0.345052 0.530556 0.0203125 0.116667
0 0.490104 0.547685 0.0239583 0.0601852
0 0.690885 0.346759 0.0203125 0.0527778
0 0.415365 0.423611 0.0130208 0.0638889
0 0.889583 0.402315 0.0125 0.0509259
0 0.88125 0.512037 0.0166667 0.0666667
0 0.561719 0.508333 0.0192708 0.0648148
0 0.813281 0.487037 0.0182292 0.0611111
