0 0.542448 0.37037 0.0161458 0.0407407
0 0.679948 0.339352 0.0161458 0.0583333
0 0.60599 0.320833 0.0140625 0.0490741
0 0.346875 0.437963 0.01875 0.0574074
0 0.671615 0.314815 0.0119792 0.0518519
0 0.2125 0.457407 0.0177083 0.062963
0 0.899479 0.418056 0.0166667 0.0583333
0 0.447396 0.39213 0.0145833 0.0546296
0 0.684115 0.358796 0.0161458 0.0509259
0 0.547656 0.437037 0.0182292 0.0648148
0 0.328385 0.525926 0.0192708 0.0574074
0 0.78724 0.494907 0.0223958 0.0583333
0 0.2375 0.586111 0.0177083 0.0703704
0 0.916927 0.538426 0.0192708 0.0712963
0 0.435937 0.551389 0.0197917 0.0657407
0 0.564062 0.528241 0.021875 0.0675926
