0 0.69375 0.334259 0.0177083 0.0740741
0 0.686458 0.347685 0.0177083 0.0583333
0 0.54974 0.358796 0.0161458 0.0787037
0 0.438542 0.413889 0.0145833 0.0574074
0 0.920313 0.315278 0.0135417 0.0527778
0 0.503646 0.450463 0.0166667 0.0694444
0 0.563281 0.463889 0.0140625 0.0648148
0 0.365625 0.431481 0.0145833 0.0685185
0 0.402344 0.518056 0.0182292 0.0675926
0 0.659375 0.333333 0.0125 0.0648148
0 0.822396 0.383333 0.0104167 0.0574074
0 0.833854 0.517593 0.015625 0.0703704
0 0.973437 0.444444 0.0125 0.0648148
0 0.453125 0.496296 0.0177083 0.0685185
0 0.559896 0.550926 0.0177083 0.0796296
0 0.929167 0.540741 0.0125 0.0759259
0 0.497917 0.577778 0.01875 0.0722222
