0 0.992969 0.420833 0.0140625 0.0601852
0 0.244792 0.439352 0.0135417 0.0527778
0 0.532031 0.309722 0.0130208 0.0546296
0 0.55625 0.307407 0.0125 0.0518519
0 0.509896 0.363426 0.015625 0.0453704
0 0.402604 0.388889 0.0104167 0.0518519
0 0.791146 0.287963 0.0135417 0.0537037
0 0.633333 0.346296 0.0177083 0.0574074
0 0.284635 0.506481 0.0182292 0.0666667
0 0.279167 0.561111 0.0208333 0.0611111
0 0.500781 0.506944 0.0192708 0.0694444
0 0.830469 0.400926 0.0171875 0.0537037
0 0.354167 0.425463 0.0145833 0.0657407
0 0.81849 0.508796 0.0161458 0.0675926
0 0.428646 0.548611 0.0239583 0.0601852
0 0.686719 0.336111 0.0130208 0.0537037
0 0.490365 0.421296 0.0130208 0.0555556
0 0.751302 0.485648 0.0171875 0.0638889
