0 0.540365 0.312037 0.0130208 0.0444444
0 0.888802 0.309722 0.0130208 0.0638889
0 0.577083 0.373148 0.0125 0.0555556
0 0.476823 0.390741 0.0119792 0.0481481
0 0.589063 0.436111 0.0239583 0.0611111
0 0.690365 0.322685 0.0119792 0.0564815
0 0.93151 0.398148 0.0119792 0.0537037
0 0.948438 0.54537 0.0208333 0.0685185
0 0.259115 0.622222 0.0171875 0.0537037
0 0.3875 0.443519 0.0177083 0.062963
0 0.378906 0.547685 0.0296875 0.0601852
0 0.444792 0.550463 0.021875 0.0657407
0 0.604167 0.530556 0.0197917 0.0666667
0 0.838281 0.490741 0.0234375 0.0648148
