0 0.45651 0.409722 0.0130208 0.0546296
0 0.559375 0.357407 0.0166667 0.0814815
0 0.696615 0.3375 0.0213542 0.075
0 0.570052 0.462037 0.0130208 0.0611111
0 0.922135 0.312963 0.0140625 0.0555556
0 0.405729 0.517593 0.0135417 0.0648148
0 0.445833 0.511111 0.015625 0.0685185
0 0.977083 0.444444 0.0135417 0.062963
0 0.66276 0.334259 0.0109375 0.0592593
0 0.505208 0.454167 0.0197917 0.0712963
0 0.934635 0.540741 0.0130208 0.0777778
0 0.823177 0.381019 0.0119792 0.0601852
0 0.49974 0.582407 0.0182292 0.0796296
0 0.839844 0.518519 0.0213542 0.0740741
0 0.578906 0.549537 0.0182292 0.0712963
