0 0.910156 0.315741 0.0130208 0.05
0 0.635156 0.29213 0.0109375 0.0416667
0 0.567187 0.293981 0.0177083 0.0546296
0 0.293229 0.630093 0.0114583 0.0342593
0 0.666146 0.316667 0.01875 0.0518519
0 0.953385 0.54537 0.0161458 0.0685185
0 0.442187 0.566667 0.01875 0.0685185
0 0.18724 0.444907 0.0182292 0.0675926
0 0.93099 0.382407 0.0140625 0.0555556
0 0.592188 0.381019 0.0135417 0.0546296
0 0.616146 0.428704 0.0166667 0.05
0 0.499479 0.387963 0.0125 0.0518519
0 0.410937 0.551852 0.025 0.0611111
0 0.865625 0.487963 0.01875 0.062963
0 0.425 0.448611 0.01875 0.0675926
0 0.621615 0.532407 0.0171875 0.0648148
