0 0.49401 0.302315 0.0109375 0.0472222
0 0.542188 0.367593 0.0135417 0.05
0 0.598177 0.321296 0.0119792 0.0518519
0 0.674479 0.339815 0.0145833 0.0907407
0 0.541667 0.430093 0.0135417 0.0527778
0 0.341667 0.443056 0.0229167 0.0546296
0 0.214844 0.455093 0.0182292 0.0675926
0 0.560156 0.526389 0.0234375 0.0675926
0 0.440104 0.389815 0.0104167 0.0537037
0 0.890104 0.415741 0.01875 0.0592593
0 0.316667 0.520833 0.0166667 0.0638889
0 0.239063 0.578704 0.028125 0.0611111
0 0.430208 0.555093 0.0177083 0.0694444
0 0.78151 0.494907 0.0192708 0.0601852
0 0.904167 0.537963 0.0135417 0.0685185
