0 0.70651 0.308333 0.0119792 0.0518519
0 0.878646 0.301389 0.0177083 0.0638889
0 0.644792 0.313426 0.0145833 0.0472222
0 0.478125 0.539815 0.0197917 0.0592593
0 0.257031 0.443981 0.0140625 0.0601852
0 0.488802 0.381944 0.0140625 0.0490741
0 0.589323 0.426852 0.0171875 0.0518519
0 0.390885 0.427315 0.0171875 0.0546296
0 0.938802 0.409722 0.0192708 0.0490741
0 0.377083 0.515741 0.0166667 0.0592593
0 0.720833 0.347685 0.0145833 0.0490741
0 0.959115 0.53287 0.0171875 0.0694444
0 0.284635 0.575 0.0203125 0.0666667
0 0.829167 0.4875 0.021875 0.0564815
0 0.604948 0.51713 0.0171875 0.0657407
