0 0.292448 0.517593 0.0234375 0.0851852
0 0.519531 0.364815 0.0192708 0.0462963
0 0.408594 0.381481 0.0130208 0.0518519
0 0.286979 0.54213 0.0229167 0.0972222
0 0.247656 0.438426 0.0140625 0.0564815
0 0.563802 0.309722 0.0119792 0.0546296
0 0.649219 0.348148 0.0192708 0.0574074
0 0.35651 0.426852 0.0140625 0.062963
0 0.691667 0.335185 0.0125 0.0574074
0 0.509375 0.508796 0.015625 0.0675926
0 0.498958 0.42037 0.0145833 0.0555556
0 0.759375 0.486111 0.0166667 0.0648148
0 0.840625 0.4 0.0125 0.0555556
0 0.828906 0.508333 0.0151042 0.0685185
0 0.439323 0.551389 0.0223958 0.0712963
