0 0.338542 0.630556 0.0125 0.0333333
0 0.946615 0.312963 0.0109375 0.0518519
0 0.993229 0.546759 0.0135417 0.0712963
0 0.703125 0.316667 0.0166667 0.0537037
0 0.63125 0.383796 0.0125 0.0546296
0 0.226823 0.443056 0.0161458 0.0657407
0 0.658073 0.425926 0.0182292 0.0537037
0 0.48125 0.568056 0.0177083 0.0694444
0 0.539323 0.389815 0.0151042 0.0555556
0 0.966667 0.382407 0.0125 0.0537037
0 0.453906 0.549074 0.0192708 0.0592593
0 0.908333 0.487963 0.0177083 0.0611111
0 0.470313 0.447222 0.0197917 0.0648148
0 0.6625 0.531944 0.01875 0.0675926
