0 0.684635 0.341667 0.0161458 0.0592593
0 0.691667 0.334722 0.0166667 0.0694444
0 0.436719 0.412963 0.0151042 0.0592593
0 0.547917 0.357407 0.0177083 0.0796296
0 0.501042 0.450926 0.0166667 0.0685185
0 0.560417 0.465278 0.0135417 0.0657407
0 0.364323 0.433333 0.0151042 0.0666667
0 0.658333 0.334259 0.0125 0.0611111
0 0.820052 0.384259 0.0130208 0.0574074
0 0.970833 0.444444 0.015625 0.0666667
0 0.452865 0.497685 0.0161458 0.0694444
0 0.40026 0.51713 0.0171875 0.0694444
0 0.917448 0.316204 0.0140625 0.0564815
0 0.557813 0.552315 0.0166667 0.0768519
0 0.927865 0.539352 0.0119792 0.075
0 0.496615 0.577778 0.0192708 0.0722222
0 0.832812 0.516204 0.01875 0.0712963
