0 0.332031 0.632407 0.0151042 0.0351852
0 0.942448 0.315278 0.0151042 0.0527778
0 0.661198 0.289352 0.0109375 0.0453704
0 0.695833 0.317593 0.0145833 0.0537037
0 0.958594 0.381481 0.0130208 0.0537037
0 0.651042 0.425926 0.0208333 0.0537037
0 0.532552 0.390741 0.0161458 0.0537037
0 0.21901 0.444444 0.0182292 0.0666667
0 0.985937 0.549074 0.0197917 0.0666667
0 0.473177 0.571759 0.0171875 0.0694444
0 0.446354 0.550463 0.0177083 0.062037
0 0.4625 0.448148 0.01875 0.0648148
0 0.624219 0.384259 0.0119792 0.0518519
0 0.901042 0.487963 0.0166667 0.0611111
0 0.65625 0.531944 0.01875 0.0657407
