0 0.361198 0.436574 0.0171875 0.0527778
0 0.690365 0.335185 0.0203125 0.0740741
0 0.439844 0.410185 0.0109375 0.0537037
0 0.915104 0.316667 0.0145833 0.0518519
0 0.559896 0.464815 0.0125 0.062963
0 0.816927 0.383796 0.0119792 0.0564815
0 0.96849 0.44537 0.0161458 0.0611111
0 0.561719 0.546759 0.0151042 0.0768519
0 0.548177 0.356944 0.0161458 0.0787037
0 0.498437 0.450926 0.0177083 0.0685185
0 0.65625 0.334722 0.0135417 0.062037
0 0.398698 0.517593 0.0161458 0.0722222
0 0.925781 0.537963 0.0140625 0.0740741
0 0.446094 0.506481 0.0161458 0.0666667
0 0.829687 0.516204 0.0177083 0.0731481
0 0.494531 0.580093 0.0182292 0.0712963
