0 0.68776 0.338426 0.0213542 0.0712963
0 0.36224 0.436111 0.0171875 0.0574074
0 0.818229 0.383333 0.0125 0.0574074
0 0.439063 0.410185 0.0114583 0.05
0 0.547917 0.356944 0.0166667 0.0768519
0 0.560156 0.464815 0.0130208 0.062963
0 0.499479 0.450926 0.0177083 0.0666667
0 0.969271 0.44537 0.015625 0.062963
0 0.657292 0.333333 0.0135417 0.062963
0 0.448438 0.50463 0.0166667 0.0722222
0 0.915625 0.315278 0.0135417 0.0546296
0 0.398958 0.517593 0.0166667 0.0722222
0 0.559635 0.55 0.0161458 0.0777778
0 0.926302 0.539352 0.0140625 0.075
0 0.830208 0.516667 0.0166667 0.0722222
0 0.495052 0.579167 0.0182292 0.0712963
