0 0.521875 0.30463 0.015625 0.0555556
0 0.540885 0.369444 0.0130208 0.05
0 0.822396 0.305556 0.0125 0.0666667
0 0.491927 0.302778 0.00989583 0.0407407
0 0.53776 0.431481 0.0151042 0.0555556
0 0.59349 0.323611 0.0109375 0.0527778
0 0.4375 0.390741 0.0125 0.0555556
0 0.341406 0.446296 0.0192708 0.0555556
0 0.884896 0.414815 0.0177083 0.0592593
0 0.305469 0.517593 0.0182292 0.0592593
0 0.425 0.561574 0.0166667 0.0675926
0 0.672396 0.341204 0.0177083 0.0898148
0 0.216406 0.453241 0.0161458 0.0657407
0 0.776823 0.49537 0.0182292 0.0685185
0 0.89349 0.538426 0.0265625 0.0694444
0 0.227344 0.570833 0.0234375 0.0657407
0 0.553385 0.525926 0.0161458 0.0666667
