0 0.809896 0.286111 0.0125 0.0555556
0 0.519531 0.293056 0.0109375 0.0416667
38 0.301042 0.535185 0.0239583 0.105556
0 0.532292 0.364815 0.0177083 0.0462963
0 0.259896 0.438426 0.0166667 0.0546296
0 0.419792 0.381481 0.0135417 0.0537037
0 0.576042 0.308796 0.0125 0.0546296
0 0.367969 0.425926 0.0140625 0.0611111
0 0.5125 0.42037 0.015625 0.0555556
0 0.52474 0.508333 0.0192708 0.0666667
0 0.664844 0.346759 0.0151042 0.0546296
0 0.302604 0.532407 0.025 0.111111
0 0.842448 0.50463 0.0171875 0.0685185
0 0.701302 0.331481 0.0109375 0.0574074
0 0.772135 0.486111 0.0182292 0.0685185
0 0.853646 0.398611 0.0125 0.0564815
0 0.453385 0.552315 0.0203125 0.0731481
