0 0.65599 0.315741 0.0140625 0.0462963
0 0.703385 0.306481 0.00989583 0.0481481
0 0.597135 0.3625 0.0234375 0.0564815
0 0.953385 0.409259 0.0151042 0.05
0 0.734115 0.336111 0.0151042 0.0518519
0 0.403906 0.428704 0.0182292 0.0537037
0 0.252865 0.444907 0.0171875 0.0638889
0 0.600781 0.427778 0.0223958 0.0518519
0 0.5 0.383333 0.0125 0.05
0 0.39349 0.526389 0.0203125 0.0601852
0 0.478385 0.531944 0.0192708 0.0601852
0 0.619792 0.521296 0.0229167 0.0666667
0 0.975 0.538426 0.0239583 0.0694444
0 0.846615 0.488889 0.0213542 0.0611111
0 0.290365 0.59213 0.0182292 0.075
