0 0.511719 0.294444 0.00885417 0.0407407
0 0.522917 0.36713 0.0166667 0.0472222
0 0.802604 0.287037 0.0125 0.0518519
0 0.655469 0.347685 0.0161458 0.0527778
0 0.567708 0.309722 0.0125 0.0527778
0 0.251823 0.436574 0.0151042 0.0564815
0 0.411979 0.381944 0.0145833 0.0527778
0 0.293229 0.536111 0.021875 0.112963
0 0.69375 0.333333 0.0125 0.0574074
0 0.503385 0.420833 0.0161458 0.0583333
0 0.358854 0.426852 0.0145833 0.0666667
0 0.514583 0.508333 0.0166667 0.0648148
0 0.845052 0.399074 0.0130208 0.0574074
0 0.763021 0.486574 0.0177083 0.0712963
0 0.833073 0.505556 0.0151042 0.0703704
0 0.44349 0.552778 0.0213542 0.0722222
