0 0.245312 0.438889 0.0135417 0.0537037
0 0.557031 0.307407 0.0119792 0.0537037
0 0.99401 0.421759 0.0119792 0.0601852
0 0.510677 0.363889 0.0161458 0.0462963
0 0.285937 0.506481 0.0208333 0.0666667
0 0.279948 0.559722 0.0223958 0.062037
0 0.403646 0.386111 0.0114583 0.0537037
0 0.791146 0.289352 0.0135417 0.0546296
0 0.635938 0.347685 0.0145833 0.0583333
0 0.819792 0.509259 0.015625 0.0703704
0 0.353385 0.426389 0.0140625 0.0657407
0 0.491146 0.419907 0.0125 0.0564815
0 0.831771 0.4 0.0166667 0.0537037
0 0.686979 0.335648 0.0125 0.0546296
0 0.502083 0.506944 0.0197917 0.0675926
0 0.429948 0.549537 0.0255208 0.0638889
0 0.752865 0.486111 0.0182292 0.0648148
