0 0.496354 0.350926 0.0145833 0.0425926
0 0.813281 0.293056 0.0140625 0.0509259
0 0.509896 0.312963 0.0114583 0.0462963
0 0.615104 0.326389 0.0145833 0.0527778
0 0.508594 0.42963 0.0151042 0.0555556
0 0.582552 0.319907 0.0151042 0.0601852
0 0.419792 0.422222 0.0177083 0.101852
0 0.326562 0.505556 0.0166667 0.0648148
0 0.426042 0.566204 0.015625 0.075
0 0.754948 0.49537 0.0151042 0.062963
0 0.51276 0.512963 0.0161458 0.0666667
0 0.847396 0.408796 0.0145833 0.0527778
0 0.351302 0.533333 0.0192708 0.0703704
0 0.714844 0.351389 0.0119792 0.0564815
0 0.816406 0.508796 0.0151042 0.0675926
