0 0.520312 0.365741 0.01875 0.0462963
0 0.29375 0.518519 0.021875 0.0851852
0 0.409635 0.381019 0.0130208 0.0527778
0 0.288021 0.539815 0.021875 0.101852
0 0.248177 0.438426 0.0140625 0.0564815
0 0.650781 0.347685 0.0182292 0.0564815
0 0.564323 0.310185 0.0119792 0.0537037
0 0.357292 0.426389 0.0145833 0.0638889
0 0.5 0.42037 0.0145833 0.0537037
0 0.691927 0.335648 0.0119792 0.0583333
0 0.511719 0.50787 0.0171875 0.0675926
0 0.760156 0.486574 0.0171875 0.0657407
0 0.829427 0.506944 0.0151042 0.0675926
0 0.840885 0.399074 0.0130208 0.0574074
0 0.439844 0.550926 0.0213542 0.0740741
