0 0.48724 0.319444 0.0130208 0.05
0 0.47474 0.356481 0.0140625 0.0444444
0 0.392708 0.425 0.0177083 0.0888889
0 0.791667 0.296296 0.0114583 0.0537037
0 0.486198 0.516667 0.0140625 0.0666667
0 0.389583 0.437963 0.0135417 0.0722222
0 0.557552 0.323611 0.0140625 0.0657407
0 0.484115 0.436111 0.0140625 0.0592593
0 0.294531 0.513426 0.0161458 0.062037
0 0.594271 0.331481 0.0125 0.0555556
0 0.826823 0.41713 0.0161458 0.0564815
0 0.319271 0.545833 0.0197917 0.0712963
0 0.692969 0.35463 0.0119792 0.0574074
0 0.792708 0.513889 0.0145833 0.0685185
0 0.734375 0.504167 0.01875 0.062037
0 0.397917 0.574537 0.0177083 0.0712963
