0 0.632031 0.31713 0.0130208 0.0472222
0 0.571354 0.370833 0.0197917 0.0583333
0 0.197656 0.453704 0.0140625 0.0592593
0 0.444531 0.538889 0.0171875 0.0611111
0 0.46901 0.391204 0.0119792 0.0509259
0 0.576302 0.434722 0.0130208 0.0601852
0 0.698958 0.331019 0.0125 0.0583333
0 0.927083 0.406481 0.0208333 0.0518519
0 0.365885 0.538889 0.0140625 0.0611111
0 0.946354 0.542593 0.015625 0.0722222
0 0.373177 0.442593 0.0171875 0.062963
0 0.594531 0.52963 0.0182292 0.0666667
0 0.824219 0.490741 0.0171875 0.0611111
0 0.248177 0.614815 0.0223958 0.0611111
