0 0.627344 0.314815 0.0171875 0.0592593
0 0.877865 0.29213 0.0151042 0.0546296
0 0.572135 0.307407 0.0109375 0.0518519
0 0.688281 0.343056 0.0182292 0.0564815
0 0.334635 0.446296 0.0182292 0.0611111
0 0.775781 0.343519 0.0119792 0.0537037
0 0.482812 0.391667 0.0114583 0.05
0 0.364062 0.510648 0.0177083 0.0638889
0 0.452344 0.431944 0.0151042 0.0657407
0 0.570833 0.428704 0.0145833 0.0537037
0 0.380729 0.553704 0.0208333 0.0685185
0 0.910677 0.409259 0.0119792 0.0592593
0 0.83099 0.501852 0.0192708 0.0574074
0 0.574479 0.5125 0.01875 0.0694444
0 0.892448 0.512963 0.0151042 0.0722222
0 0.492969 0.556944 0.0234375 0.0731481
