0 0.555208 0.306481 0.0125 0.05
0 0.508854 0.363426 0.015625 0.0453704
0 0.402344 0.388426 0.0119792 0.0490741
0 0.24349 0.443981 0.0171875 0.0583333
0 0.791146 0.288889 0.0135417 0.0555556
0 0.63151 0.346759 0.0192708 0.0527778
0 0.283854 0.506944 0.0166667 0.0675926
0 0.278906 0.561111 0.0192708 0.0592593
0 0.426823 0.548148 0.0234375 0.0611111
0 0.489844 0.42037 0.0130208 0.0555556
0 0.354167 0.425463 0.0145833 0.0657407
0 0.499219 0.506944 0.0192708 0.0675926
0 0.686198 0.335648 0.0130208 0.0546296
0 0.816406 0.508333 0.0171875 0.0666667
0 0.748958 0.485185 0.0177083 0.062963
0 0.827865 0.399537 0.0140625 0.0527778
