0 0.665885 0.341204 0.0182292 0.0638889
0 0.418229 0.412037 0.0135417 0.0574074
0 0.529167 0.361111 0.0177083 0.0777778
0 0.671094 0.334722 0.0203125 0.0731481
0 0.347135 0.42963 0.0140625 0.062963
0 0.482812 0.450463 0.0145833 0.0712963
0 0.382812 0.51713 0.0145833 0.0694444
0 0.434896 0.500463 0.0166667 0.0712963
0 0.894531 0.314352 0.0151042 0.0546296
0 0.638802 0.335185 0.0130208 0.0611111
0 0.541146 0.464815 0.0145833 0.0648148
0 0.947396 0.44213 0.0125 0.0638889
0 0.539323 0.550926 0.0182292 0.0740741
0 0.797656 0.383333 0.0109375 0.0574074
0 0.904167 0.5375 0.0135417 0.0731481
0 0.478646 0.576852 0.0177083 0.0703704
0 0.810156 0.516667 0.0171875 0.0722222
