0 0.579948 0.316204 0.0109375 0.0472222
0 0.355208 0.442593 0.0208333 0.0666667
0 0.895573 0.298148 0.0140625 0.0555556
0 0.583594 0.522222 0.0140625 0.0685185
0 0.486458 0.431944 0.0208333 0.0916667
0 0.689583 0.330556 0.0135417 0.0555556
0 0.932552 0.422222 0.0161458 0.0555556
0 0.578646 0.4375 0.0135417 0.0601852
0 0.79375 0.357407 0.0145833 0.0574074
0 0.897917 0.527315 0.0166667 0.0731481
0 0.653906 0.323611 0.0140625 0.0638889
0 0.38724 0.512963 0.0171875 0.0666667
0 0.414062 0.544907 0.01875 0.0731481
0 0.8375 0.512963 0.0208333 0.0666667
0 0.494271 0.579167 0.01875 0.0768519
