0 0.886719 0.310648 0.0151042 0.0638889
0 0.190625 0.45463 0.0177083 0.0648148
0 0.576042 0.372222 0.0135417 0.0555556
0 0.692708 0.324537 0.0125 0.0527778
0 0.538281 0.312037 0.0119792 0.0444444
0 0.586719 0.435185 0.0203125 0.0611111
0 0.47526 0.390741 0.0130208 0.0481481
0 0.375521 0.548148 0.0239583 0.0592593
0 0.257031 0.620833 0.0171875 0.0527778
0 0.948177 0.545833 0.0203125 0.0675926
0 0.93151 0.399074 0.0140625 0.0537037
0 0.384375 0.44213 0.0177083 0.0638889
0 0.44401 0.548148 0.0213542 0.0666667
0 0.602865 0.529167 0.0192708 0.0675926
0 0.836458 0.490741 0.01875 0.0648148
