0 0.551823 0.311111 0.0140625 0.0555556
0 0.539583 0.366204 0.0125 0.0472222
0 0.269792 0.437037 0.0177083 0.0574074
0 0.582552 0.309259 0.0130208 0.0555556
0 0.671875 0.348148 0.0177083 0.0537037
0 0.428125 0.381481 0.0135417 0.0518519
0 0.707812 0.331481 0.0114583 0.0555556
0 0.520052 0.42037 0.0161458 0.0574074
0 0.376042 0.425926 0.0145833 0.0648148
0 0.309635 0.534722 0.0276042 0.113889
0 0.850521 0.50463 0.015625 0.0666667
0 0.861458 0.398611 0.0125 0.0564815
0 0.780469 0.485185 0.0171875 0.0648148
0 0.533854 0.507407 0.01875 0.0666667
0 0.460677 0.550926 0.0192708 0.0740741
