0 0.820833 0.30463 0.0125 0.062963
0 0.223177 0.448611 0.0161458 0.062037
0 0.538542 0.376389 0.0125 0.0527778
0 0.521875 0.437037 0.01875 0.0611111
0 0.582552 0.326389 0.0130208 0.0564815
0 0.865885 0.4125 0.0171875 0.0583333
0 0.422396 0.39213 0.0104167 0.0564815
0 0.291667 0.523611 0.015625 0.0509259
0 0.679427 0.326389 0.0109375 0.0546296
0 0.227865 0.563426 0.0265625 0.062037
0 0.538542 0.525 0.0229167 0.0703704
0 0.407813 0.575926 0.0177083 0.0685185
0 0.345833 0.44537 0.0166667 0.062963
0 0.863542 0.531482 0.0197917 0.0685185
0 0.66276 0.356944 0.0140625 0.0564815
0 0.764583 0.492593 0.0125 0.0685185
