0 0.244531 0.443981 0.0171875 0.0583333
0 0.788802 0.286111 0.0109375 0.0518519
0 0.401563 0.388889 0.0114583 0.0444444
0 0.534635 0.3125 0.0130208 0.0564815
0 0.504427 0.361111 0.0161458 0.0444444
0 0.553646 0.306019 0.0125 0.0546296
0 0.488021 0.418981 0.0125 0.0583333
0 0.280729 0.558333 0.0197917 0.0703704
0 0.810156 0.505556 0.0151042 0.0648148
0 0.357031 0.428241 0.0192708 0.0675926
0 0.621875 0.343519 0.0197917 0.0555556
0 0.418229 0.545833 0.0208333 0.0638889
0 0.821094 0.400463 0.0151042 0.0509259
0 0.493229 0.506481 0.0166667 0.062963
0 0.745313 0.486111 0.015625 0.0611111
0 0.686198 0.336111 0.0109375 0.0574074
