0 0.511198 0.513426 0.0161458 0.0935185
0 0.272135 0.539352 0.0369792 0.0675926
0 0.813802 0.30463 0.0140625 0.0537037
0 0.522396 0.378704 0.0177083 0.0444444
0 0.505729 0.437963 0.0166667 0.0611111
0 0.658333 0.355556 0.0145833 0.0537037
0 0.227604 0.446296 0.0166667 0.0648148
0 0.283073 0.525463 0.0171875 0.0564815
0 0.565104 0.325463 0.0125 0.0546296
0 0.40599 0.392593 0.0140625 0.0537037
0 0.251042 0.55787 0.025 0.0546296
0 0.983073 0.432407 0.0182292 0.062963
0 0.517187 0.519907 0.0177083 0.0694444
0 0.338802 0.443519 0.0171875 0.0666667
0 0.846875 0.411574 0.015625 0.0601852
0 0.677865 0.334722 0.00989583 0.0564815
0 0.757292 0.497685 0.01875 0.0657407
0 0.841146 0.528241 0.021875 0.0694444
0 0.402083 0.581019 0.0208333 0.0731481
