0 0.257031 0.440741 0.0171875 0.0592593
0 0.55026 0.311574 0.0192708 0.062037
0 0.785937 0.287963 0.0125 0.0555556
0 0.597396 0.331944 0.0145833 0.0546296
0 0.285937 0.50787 0.0177083 0.062037
0 0.48776 0.505556 0.0130208 0.0666667
0 0.484635 0.423148 0.0130208 0.0555556
0 0.401823 0.389815 0.0109375 0.0518519
0 0.37474 0.425 0.0161458 0.0648148
0 0.79401 0.499074 0.0171875 0.0703704
0 0.735677 0.488889 0.0171875 0.0611111
0 0.68724 0.340278 0.0119792 0.0546296
0 0.305729 0.546759 0.0229167 0.0657407
0 0.817187 0.400463 0.0125 0.0583333
0 0.404948 0.547685 0.0223958 0.0768519
