0 0.815885 0.305093 0.0140625 0.0546296
0 0.524479 0.37963 0.015625 0.0444444
0 0.521354 0.321296 0.0145833 0.0518519
0 0.227344 0.44537 0.0171875 0.0648148
0 0.521094 0.518981 0.0171875 0.0657407
0 0.986458 0.434259 0.0229167 0.0555556
0 0.568229 0.325926 0.0125 0.0537037
0 0.286198 0.524537 0.0161458 0.0527778
0 0.659115 0.353704 0.0140625 0.0555556
0 0.408073 0.394444 0.0109375 0.0537037
0 0.508333 0.436574 0.0135417 0.0601852
0 0.248177 0.561574 0.0265625 0.0583333
0 0.848958 0.4125 0.015625 0.0564815
0 0.757812 0.497222 0.01875 0.0666667
0 0.340365 0.442593 0.0171875 0.062963
0 0.678125 0.332407 0.0104167 0.0537037
0 0.845833 0.528704 0.0177083 0.0685185
0 0.401823 0.581019 0.0203125 0.0712963
