0 0.885677 0.311574 0.0161458 0.0638889
0 0.191406 0.455556 0.0151042 0.0648148
0 0.5375 0.3125 0.0114583 0.0453704
0 0.69375 0.323611 0.0114583 0.0527778
0 0.37474 0.546759 0.0244792 0.0583333
0 0.47474 0.389815 0.0130208 0.05
0 0.586979 0.436574 0.0208333 0.0601852
0 0.25651 0.619444 0.0171875 0.0518519
0 0.948438 0.546296 0.0197917 0.0666667
0 0.93125 0.399537 0.015625 0.0546296
0 0.444271 0.548611 0.0208333 0.0657407
0 0.602604 0.52963 0.01875 0.0666667
0 0.384115 0.442593 0.0182292 0.062963
0 0.835417 0.491204 0.0166667 0.0657407
