0 0.497656 0.309259 0.0119792 0.0481481
0 0.796615 0.2875 0.0130208 0.0527778
0 0.70026 0.346296 0.0119792 0.0518519
0 0.273698 0.438889 0.0171875 0.0611111
0 0.413021 0.560648 0.0177083 0.0675926
0 0.413281 0.394907 0.0109375 0.0583333
0 0.303125 0.50787 0.0197917 0.0675926
0 0.832552 0.403704 0.0151042 0.0555556
0 0.396875 0.428704 0.0104167 0.0648148
0 0.495052 0.424074 0.0151042 0.0555556
0 0.565365 0.313426 0.0151042 0.0564815
0 0.79974 0.506019 0.0161458 0.0675926
0 0.745052 0.493056 0.0213542 0.0638889
0 0.497396 0.507407 0.0135417 0.0666667
0 0.603385 0.326852 0.0130208 0.0555556
0 0.33099 0.539815 0.0203125 0.0648148
