0 0.42526 0.391667 0.0119792 0.0537037
0 0.585156 0.327315 0.0119792 0.0564815
0 0.524479 0.437963 0.01875 0.0592593
0 0.821354 0.304167 0.0125 0.0657407
0 0.540104 0.376389 0.0104167 0.0564815
0 0.869271 0.413889 0.0145833 0.0574074
0 0.679167 0.325926 0.0114583 0.0537037
0 0.291927 0.523148 0.0151042 0.0518519
0 0.227604 0.564815 0.0260417 0.0592593
0 0.410937 0.574537 0.01875 0.0657407
0 0.664062 0.359259 0.0135417 0.0537037
0 0.220833 0.447685 0.0166667 0.0675926
0 0.540365 0.522685 0.0244792 0.0712963
0 0.346094 0.44537 0.0182292 0.0592593
0 0.867969 0.53287 0.0182292 0.0694444
0 0.766406 0.49213 0.0130208 0.0694444
