0 0.492708 0.302778 0.0104167 0.0425926
0 0.541406 0.369444 0.0140625 0.05
0 0.539844 0.431944 0.0140625 0.0546296
0 0.595833 0.322685 0.0114583 0.0509259
0 0.438802 0.391204 0.0109375 0.0546296
0 0.340885 0.446296 0.0213542 0.0537037
0 0.215625 0.452778 0.0177083 0.0666667
0 0.888021 0.416667 0.0166667 0.0574074
0 0.427865 0.559722 0.0161458 0.0694444
0 0.673437 0.339815 0.015625 0.0907407
0 0.897917 0.538426 0.01875 0.0675926
0 0.778906 0.49537 0.0182292 0.062963
0 0.55651 0.525926 0.0192708 0.0685185
0 0.31224 0.515741 0.0140625 0.0648148
0 0.233594 0.572222 0.0265625 0.0648148
