0 0.358854 0.438889 0.01875 0.05
0 0.444271 0.409722 0.0114583 0.0509259
0 0.559896 0.462037 0.0114583 0.0666667
0 0.547917 0.355556 0.0166667 0.0777778
0 0.496354 0.451852 0.01875 0.0685185
0 0.397396 0.518981 0.0166667 0.0694444
0 0.686198 0.336111 0.0223958 0.0740741
0 0.814844 0.381944 0.0119792 0.0583333
0 0.966146 0.442593 0.0145833 0.0611111
0 0.654427 0.334259 0.0130208 0.0592593
0 0.564583 0.546759 0.0166667 0.0731481
0 0.911979 0.3125 0.0145833 0.0564815
0 0.490885 0.580556 0.0161458 0.0722222
0 0.827604 0.515741 0.01875 0.0722222
0 0.923698 0.538426 0.0140625 0.075
0 0.441667 0.508333 0.0166667 0.0666667
