0 0.556771 0.313426 0.0166667 0.0583333
0 0.489323 0.423611 0.0130208 0.0546296
0 0.598958 0.32963 0.015625 0.0555556
0 0.40651 0.390741 0.0109375 0.0518519
0 0.263542 0.440741 0.0145833 0.0611111
0 0.292708 0.506481 0.0208333 0.0648148
0 0.795313 0.499074 0.0166667 0.0666667
0 0.691406 0.342593 0.0109375 0.0592593
0 0.789583 0.287963 0.0104167 0.0537037
0 0.384115 0.426852 0.00989583 0.0685185
0 0.738281 0.491667 0.0192708 0.062963
0 0.491146 0.506019 0.0135417 0.0638889
0 0.822917 0.401852 0.0145833 0.0574074
0 0.316927 0.545833 0.0223958 0.062037
0 0.406771 0.553704 0.01875 0.0685185
