0 0.69349 0.333796 0.0182292 0.0731481
0 0.686719 0.347685 0.0171875 0.0583333
0 0.54974 0.359259 0.0161458 0.0777778
0 0.438542 0.413889 0.0145833 0.0574074
0 0.920313 0.314815 0.0135417 0.0537037
0 0.503906 0.449537 0.0161458 0.0694444
0 0.563542 0.463889 0.0135417 0.0648148
0 0.366146 0.431481 0.015625 0.0685185
0 0.402604 0.518056 0.0177083 0.0675926
0 0.834115 0.518056 0.0161458 0.0694444
0 0.659896 0.333333 0.0125 0.0648148
0 0.973698 0.444444 0.0130208 0.0666667
0 0.822917 0.383333 0.0104167 0.0574074
0 0.453385 0.495833 0.0171875 0.0694444
0 0.559896 0.551389 0.0177083 0.0805556
0 0.498177 0.578241 0.0182292 0.0731481
0 0.929688 0.540741 0.0125 0.0759259
