0 0.500781 0.351389 0.0140625 0.0435185
0 0.514844 0.318519 0.0109375 0.0425926
0 0.593229 0.322222 0.01875 0.0555556
0 0.823698 0.29537 0.0130208 0.0481481
0 0.521094 0.515741 0.0161458 0.062963
0 0.857292 0.413889 0.0166667 0.0518519
0 0.623698 0.326852 0.0140625 0.0481481
0 0.43125 0.425926 0.0166667 0.0981481
0 0.338281 0.509259 0.0161458 0.0648148
0 0.760156 0.502315 0.0171875 0.062037
0 0.724219 0.354167 0.0130208 0.0583333
0 0.363021 0.533333 0.01875 0.0722222
0 0.515625 0.435185 0.0114583 0.0555556
0 0.826042 0.514815 0.01875 0.0685185
0 0.434896 0.570833 0.015625 0.0694444
