0 0.488802 0.363889 0.0140625 0.0444444
0 0.486198 0.310185 0.0109375 0.05
0 0.783594 0.294907 0.0130208 0.0546296
0 0.530469 0.318056 0.0130208 0.0601852
0 0.236458 0.456944 0.0166667 0.0564815
0 0.546615 0.315278 0.0119792 0.0546296
0 0.60599 0.348611 0.0171875 0.0564815
0 0.352344 0.439815 0.0213542 0.062963
0 0.273698 0.547222 0.0203125 0.111111
0 0.39974 0.560185 0.0161458 0.0685185
0 0.68125 0.346759 0.0114583 0.0546296
0 0.477865 0.431944 0.0130208 0.0546296
0 0.48099 0.514352 0.0171875 0.0638889
0 0.735156 0.501389 0.0203125 0.0583333
0 0.392188 0.396759 0.0114583 0.0490741
0 0.797917 0.516204 0.0145833 0.0731481
0 0.814062 0.408796 0.0135417 0.0564815
