0 0.817708 0.287963 0.0125 0.0555556
0 0.270312 0.438426 0.0166667 0.0583333
0 0.583073 0.308796 0.0130208 0.0564815
0 0.540104 0.365278 0.0135417 0.0472222
0 0.429167 0.381019 0.0145833 0.0527778
0 0.708594 0.332407 0.0119792 0.0574074
0 0.673177 0.348611 0.0171875 0.0546296
0 0.520833 0.419907 0.0166667 0.0583333
0 0.376042 0.427778 0.0177083 0.0703704
0 0.310677 0.535648 0.0265625 0.110185
0 0.86276 0.399074 0.0109375 0.0574074
0 0.851823 0.505093 0.0151042 0.0694444
0 0.78125 0.484722 0.0166667 0.0638889
0 0.534375 0.506944 0.01875 0.0694444
0 0.461458 0.550926 0.0197917 0.0740741
