0 0.70026 0.328241 0.0151042 0.0694444
0 0.695052 0.33287 0.0203125 0.0731481
0 0.551302 0.362037 0.0192708 0.0722222
0 0.923177 0.316204 0.0151042 0.0527778
0 0.367448 0.431481 0.0151042 0.0666667
0 0.440104 0.413426 0.015625 0.0564815
0 0.661979 0.335185 0.0135417 0.062963
0 0.505469 0.450463 0.0161458 0.0731481
0 0.403906 0.518981 0.0151042 0.0675926
0 0.976042 0.445833 0.0135417 0.0638889
0 0.565365 0.464352 0.0151042 0.0657407
0 0.824219 0.384259 0.0119792 0.0574074
0 0.932292 0.540278 0.0135417 0.0768519
0 0.836458 0.518981 0.0197917 0.0731481
0 0.45599 0.497222 0.0182292 0.0666667
0 0.49974 0.577778 0.0171875 0.0759259
0 0.561979 0.553241 0.01875 0.0787037
