0 0.497396 0.356944 0.0166667 0.0435185
0 0.402083 0.386574 0.0104167 0.0435185
0 0.552604 0.304167 0.0114583 0.0546296
0 0.53724 0.311111 0.0151042 0.0518519
0 0.247917 0.443056 0.015625 0.0583333
0 0.613802 0.34213 0.0161458 0.0527778
0 0.411979 0.547685 0.0177083 0.0712963
0 0.686458 0.337963 0.0125 0.0555556
0 0.361458 0.428241 0.0197917 0.0601852
0 0.285937 0.551852 0.0208333 0.0777778
0 0.486979 0.419907 0.0125 0.0546296
0 0.490104 0.50463 0.015625 0.062963
0 0.817187 0.4 0.015625 0.0555556
0 0.740625 0.490278 0.0177083 0.0601852
0 0.804427 0.505556 0.0140625 0.0666667
