0 0.546875 0.352778 0.0145833 0.0796296
0 0.447135 0.413426 0.0130208 0.0601852
0 0.90026 0.310648 0.0130208 0.0564815
0 0.679948 0.333796 0.0192708 0.0675926
0 0.644792 0.331481 0.0125 0.0574074
0 0.955469 0.438426 0.0151042 0.0546296
0 0.428906 0.512963 0.0182292 0.0666667
0 0.557031 0.456481 0.0130208 0.062963
0 0.801823 0.376852 0.0182292 0.0592593
0 0.490625 0.452315 0.01875 0.0712963
0 0.392188 0.516667 0.015625 0.0685185
0 0.567448 0.544444 0.0161458 0.0722222
0 0.915104 0.537963 0.015625 0.0740741
0 0.820312 0.515278 0.0177083 0.0712963
0 0.484115 0.581481 0.0161458 0.0759259
