0 0.588802 0.32963 0.0119792 0.0537037
0 0.540365 0.375 0.0119792 0.0574074
0 0.821615 0.306019 0.0130208 0.0638889
0 0.21901 0.450463 0.0171875 0.0657407
0 0.527865 0.435648 0.0182292 0.0546296
0 0.678125 0.324537 0.0114583 0.0490741
0 0.665885 0.364352 0.0161458 0.0509259
0 0.876042 0.415741 0.0145833 0.0537037
0 0.429167 0.391667 0.0135417 0.0537037
0 0.415885 0.566667 0.0171875 0.0648148
0 0.292708 0.524537 0.015625 0.0509259
0 0.228125 0.565741 0.025 0.0611111
0 0.345573 0.445833 0.0182292 0.0601852
0 0.873958 0.536574 0.0197917 0.0694444
0 0.545052 0.525926 0.0182292 0.062963
0 0.769531 0.494444 0.0171875 0.0703704
