0 0.619792 0.305556 0.0114583 0.0555556
0 0.354167 0.507407 0.021875 0.0722222
0 0.575 0.362037 0.015625 0.0462963
0 0.467708 0.382407 0.0104167 0.0518519
0 0.310156 0.435185 0.0151042 0.0555556
0 0.55599 0.420833 0.0130208 0.0527778
0 0.499219 0.549537 0.0244792 0.0657407
0 0.750521 0.335185 0.0114583 0.0518519
0 0.898958 0.402778 0.0166667 0.0537037
0 0.346354 0.554167 0.0197917 0.0694444
0 0.418229 0.424537 0.015625 0.0657407
0 0.569792 0.503704 0.0177083 0.0666667
0 0.703125 0.345833 0.0125 0.0564815
0 0.890104 0.512037 0.0145833 0.0685185
0 0.821094 0.4875 0.0182292 0.062037
