0 0.69349 0.332407 0.0151042 0.0537037
0 0.485417 0.40463 0.0114583 0.0481481
0 0.563021 0.358333 0.015625 0.0444444
0 0.578385 0.325 0.0130208 0.0462963
0 0.90625 0.306019 0.0125 0.0490741
0 0.399219 0.522222 0.0171875 0.0648148
0 0.79974 0.364352 0.0151042 0.0601852
0 0.939323 0.429167 0.0151042 0.0564815
0 0.583854 0.534259 0.015625 0.0685185
0 0.497396 0.451389 0.0197917 0.0601852
0 0.833594 0.52037 0.0192708 0.0648148
0 0.578646 0.446296 0.0145833 0.0574074
0 0.422135 0.539352 0.0171875 0.0712963
0 0.907812 0.535185 0.0177083 0.0740741
0 0.496615 0.582407 0.0182292 0.0740741
