0 0.408594 0.380093 0.0119792 0.0509259
0 0.292188 0.512037 0.0229167 0.0740741
0 0.51901 0.364352 0.0192708 0.0490741
0 0.286198 0.546296 0.0223958 0.0888889
0 0.563802 0.309259 0.0119792 0.0537037
0 0.247396 0.438889 0.0145833 0.0555556
0 0.648438 0.348148 0.01875 0.0592593
0 0.691406 0.334722 0.0119792 0.0564815
0 0.35625 0.426852 0.0135417 0.062963
0 0.498698 0.42037 0.0151042 0.0555556
0 0.508594 0.509722 0.0161458 0.0694444
0 0.759115 0.486111 0.0161458 0.0648148
0 0.840365 0.400463 0.0119792 0.0564815
0 0.828385 0.508796 0.0140625 0.0694444
0 0.438802 0.551852 0.0223958 0.0722222
