0 0.347656 0.435648 0.0161458 0.062037
0 0.53151 0.358796 0.0161458 0.0768519
0 0.422396 0.409722 0.0114583 0.0546296
0 0.672135 0.335648 0.0192708 0.0731481
0 0.483333 0.45 0.0145833 0.0722222
0 0.894792 0.312963 0.0145833 0.0537037
0 0.638542 0.334259 0.0125 0.0611111
0 0.544531 0.465278 0.0130208 0.0601852
0 0.947917 0.443056 0.0135417 0.0638889
0 0.383854 0.516204 0.015625 0.0694444
0 0.433333 0.500926 0.015625 0.0703704
0 0.810938 0.516204 0.0177083 0.0675926
0 0.542188 0.549074 0.01875 0.0740741
0 0.905208 0.5375 0.0135417 0.0675926
0 0.478906 0.578241 0.0171875 0.0694444
0 0.798437 0.383333 0.0114583 0.0555556
