0 0.495052 0.296759 0.0109375 0.0416667
0 0.788542 0.284722 0.0114583 0.0546296
0 0.247135 0.443056 0.0161458 0.0564815
0 0.401563 0.388889 0.0114583 0.0444444
0 0.501562 0.360185 0.015625 0.0444444
0 0.553125 0.305556 0.0125 0.0537037
0 0.535417 0.312963 0.0135417 0.0555556
0 0.358594 0.42963 0.0192708 0.062963
0 0.807552 0.507407 0.0151042 0.0685185
0 0.61849 0.343056 0.0182292 0.0527778
0 0.4875 0.418519 0.0125 0.0574074
0 0.281771 0.553241 0.0197917 0.0768519
0 0.81901 0.4 0.0171875 0.0518519
0 0.491406 0.505556 0.0161458 0.062963
0 0.686198 0.336574 0.0119792 0.0564815
0 0.416667 0.545833 0.0208333 0.0657407
0 0.743229 0.488889 0.0197917 0.0592593
