0 0.908073 0.3125 0.0140625 0.0527778
0 0.445312 0.409259 0.0114583 0.0537037
0 0.559375 0.461111 0.0125 0.062963
0 0.686198 0.334259 0.0213542 0.0703704
0 0.96276 0.440741 0.0161458 0.0592593
0 0.548177 0.356481 0.0161458 0.0796296
0 0.495052 0.452778 0.0192708 0.0703704
0 0.396615 0.517593 0.0151042 0.0685185
0 0.810938 0.378704 0.0114583 0.062963
0 0.651563 0.33287 0.0125 0.0601852
0 0.438021 0.508333 0.0177083 0.0666667
0 0.921875 0.538889 0.0135417 0.0759259
0 0.489844 0.581944 0.0171875 0.075
0 0.826042 0.516667 0.01875 0.0722222
0 0.566146 0.546759 0.01875 0.0712963
