0 0.578385 0.309722 0.0151042 0.0546296
0 0.297917 0.435185 0.0145833 0.0574074
0 0.608333 0.308333 0.0114583 0.0537037
0 0.566146 0.363426 0.015625 0.0472222
0 0.698958 0.347685 0.0177083 0.0527778
0 0.45625 0.37963 0.0135417 0.0518519
0 0.547396 0.418519 0.0166667 0.0574074
0 0.404948 0.424074 0.0140625 0.0666667
0 0.56224 0.506944 0.0182292 0.0675926
0 0.878906 0.505093 0.0151042 0.0675926
0 0.735417 0.331019 0.0104167 0.0583333
0 0.808594 0.485648 0.0171875 0.0638889
0 0.342708 0.528704 0.021875 0.111111
0 0.889063 0.4 0.0114583 0.0592593
0 0.490365 0.549074 0.0203125 0.0722222
