0 0.294792 0.630093 0.0135417 0.0361111
0 0.910937 0.314815 0.0125 0.0537037
0 0.442448 0.567593 0.0182292 0.0685185
0 0.666406 0.316667 0.0182292 0.0537037
0 0.954687 0.545833 0.0166667 0.0694444
0 0.501042 0.3875 0.0145833 0.0509259
0 0.18724 0.446296 0.0192708 0.0648148
0 0.59349 0.382407 0.0130208 0.0555556
0 0.61849 0.427778 0.0192708 0.05
0 0.93125 0.381481 0.0135417 0.0537037
0 0.413021 0.551852 0.021875 0.0611111
0 0.867448 0.487963 0.0203125 0.0611111
0 0.622396 0.532407 0.0166667 0.0648148
0 0.428125 0.449537 0.0197917 0.0675926
