0 0.521354 0.366667 0.0166667 0.0462963
0 0.25 0.4375 0.0145833 0.0564815
0 0.565365 0.309259 0.0119792 0.0537037
0 0.411198 0.382407 0.0140625 0.0537037
0 0.652865 0.346296 0.0171875 0.0555556
0 0.290625 0.538889 0.021875 0.105556
0 0.358073 0.427315 0.0151042 0.0694444
0 0.501302 0.421296 0.0130208 0.0555556
0 0.691927 0.333796 0.0109375 0.0601852
0 0.83099 0.506481 0.0161458 0.0666667
0 0.51276 0.508333 0.0171875 0.0648148
0 0.761458 0.486574 0.0177083 0.0675926
0 0.842969 0.399074 0.0130208 0.0574074
0 0.441146 0.550926 0.0208333 0.0740741
