0 0.409635 0.410648 0.00989583 0.0509259
0 0.644531 0.337037 0.0182292 0.0722222
0 0.509635 0.356019 0.0140625 0.075
0 0.458333 0.451852 0.0166667 0.0685185
0 0.521354 0.460648 0.0125 0.0583333
0 0.361198 0.518056 0.0140625 0.0694444
0 0.8625 0.309722 0.0145833 0.0546296
0 0.401823 0.506944 0.0151042 0.0657407
0 0.915104 0.4375 0.0135417 0.0564815
0 0.766927 0.378704 0.0130208 0.0574074
0 0.611458 0.334259 0.0104167 0.0574074
0 0.453125 0.57963 0.0177083 0.0740741
0 0.528385 0.543519 0.0151042 0.0685185
0 0.87526 0.534259 0.0161458 0.0703704
0 0.782812 0.512963 0.0177083 0.0685185
