0 0.407552 0.408333 0.0130208 0.0518519
0 0.657031 0.331481 0.0171875 0.0703704
0 0.516146 0.359259 0.0177083 0.0740741
0 0.36901 0.51713 0.0151042 0.0675926
0 0.876302 0.313426 0.0130208 0.0527778
0 0.467708 0.450926 0.0166667 0.0740741
0 0.780208 0.382407 0.0114583 0.0555556
0 0.527865 0.463889 0.0130208 0.0648148
0 0.928646 0.44213 0.0145833 0.0583333
0 0.621615 0.334259 0.0119792 0.0611111
0 0.526823 0.546296 0.0161458 0.0722222
0 0.417188 0.501389 0.0177083 0.0694444
0 0.464063 0.578241 0.0177083 0.0731481
0 0.886198 0.536574 0.0151042 0.0731481
0 0.792188 0.512963 0.0177083 0.0685185
