0 0.540104 0.311111 0.0145833 0.0537037
0 0.284635 0.50463 0.0203125 0.0666667
0 0.552865 0.306481 0.0130208 0.0574074
0 0.785937 0.288426 0.0114583 0.0527778
0 0.401302 0.387037 0.0119792 0.05
0 0.60599 0.338426 0.0192708 0.0527778
0 0.251302 0.443056 0.0140625 0.0564815
0 0.290625 0.547685 0.0239583 0.075
0 0.485677 0.421759 0.0151042 0.0546296
0 0.368229 0.426852 0.015625 0.0611111
0 0.48776 0.504167 0.0182292 0.0675926
0 0.798437 0.501389 0.015625 0.0694444
0 0.73776 0.488426 0.0192708 0.0564815
0 0.686198 0.338426 0.0109375 0.0546296
0 0.407031 0.544907 0.0192708 0.0731481
0 0.815104 0.4 0.0114583 0.0574074
