0 0.592188 0.303704 0.0135417 0.0574074
0 0.626562 0.375 0.021875 0.0574074
0 0.695052 0.306481 0.0151042 0.0611111
0 0.240885 0.45 0.0161458 0.062963
0 0.640365 0.431944 0.0203125 0.0564815
0 0.734635 0.320833 0.0130208 0.0583333
0 0.531771 0.389815 0.0177083 0.0518519
0 0.98099 0.399074 0.0109375 0.0537037
0 0.321875 0.618056 0.0177083 0.0564815
0 0.445312 0.439352 0.021875 0.062037
0 0.49974 0.550926 0.0286458 0.0722222
0 0.658333 0.529167 0.0177083 0.0657407
0 0.43776 0.543981 0.0307292 0.0583333
0 0.891927 0.488889 0.0276042 0.062963
