0 0.907552 0.311574 0.0140625 0.0527778
0 0.445573 0.408796 0.0109375 0.0527778
0 0.559115 0.460648 0.0119792 0.062037
0 0.547917 0.355556 0.0166667 0.0796296
0 0.96276 0.440741 0.0161458 0.0592593
0 0.685677 0.334722 0.0213542 0.0694444
0 0.494792 0.452315 0.01875 0.0694444
0 0.810417 0.37963 0.0114583 0.0611111
0 0.651042 0.333333 0.0135417 0.0592593
0 0.489062 0.581019 0.0166667 0.0731481
0 0.396094 0.51713 0.0151042 0.0694444
0 0.43724 0.508333 0.0182292 0.0666667
0 0.825521 0.516667 0.01875 0.0722222
0 0.921094 0.538889 0.0140625 0.0759259
0 0.566667 0.546759 0.0177083 0.0712963
