0 0.57526 0.360185 0.0171875 0.0481481
0 0.568229 0.421759 0.0145833 0.0657407
0 0.56901 0.297685 0.0109375 0.0361111
0 0.476823 0.388889 0.0119792 0.0462963
0 0.613021 0.311111 0.0135417 0.0481481
0 0.627604 0.305556 0.0125 0.0537037
0 0.826042 0.497222 0.01875 0.0611111
0 0.436198 0.431019 0.0192708 0.0638889
0 0.693229 0.344907 0.01875 0.0546296
0 0.765365 0.343519 0.0119792 0.0555556
0 0.361719 0.537963 0.0192708 0.112963
0 0.902344 0.406481 0.0171875 0.0555556
0 0.564062 0.423148 0.0114583 0.0592593
0 0.891927 0.514352 0.0151042 0.0694444
0 0.492448 0.552315 0.0203125 0.0731481
0 0.569271 0.510185 0.0166667 0.0648148
