0 0.7 0.329167 0.0145833 0.0712963
0 0.694531 0.333333 0.0203125 0.0740741
0 0.551042 0.361111 0.0197917 0.0740741
0 0.922656 0.315741 0.0161458 0.0537037
0 0.367448 0.430556 0.0151042 0.0685185
0 0.439583 0.413426 0.015625 0.0564815
0 0.564844 0.464352 0.0140625 0.0657407
0 0.504948 0.451389 0.0171875 0.0712963
0 0.403906 0.519444 0.0161458 0.0685185
0 0.661198 0.334259 0.0130208 0.062963
0 0.975781 0.445833 0.0130208 0.0638889
0 0.932031 0.540741 0.0140625 0.0759259
0 0.836458 0.519444 0.0197917 0.0722222
0 0.454688 0.494907 0.0177083 0.0694444
0 0.823958 0.383796 0.0114583 0.0583333
0 0.561458 0.552778 0.01875 0.0796296
0 0.499219 0.578704 0.0182292 0.0777778
