0 0.304167 0.635185 0.0135417 0.0444444
0 0.916927 0.315741 0.0161458 0.0518519
0 0.672135 0.316667 0.0171875 0.0537037
0 0.600521 0.384722 0.0135417 0.0527778
0 0.508594 0.389815 0.0161458 0.0555556
0 0.626562 0.425926 0.0197917 0.0518519
0 0.193229 0.446759 0.0177083 0.0657407
0 0.960417 0.547685 0.0208333 0.0712963
0 0.447656 0.571296 0.0171875 0.0703704
0 0.934375 0.380556 0.0125 0.0537037
0 0.420312 0.552315 0.0177083 0.062037
0 0.43776 0.448148 0.0213542 0.0666667
0 0.87526 0.487963 0.0192708 0.062963
0 0.63125 0.532407 0.01875 0.0666667
