0 0.57526 0.363426 0.0151042 0.0416667
0 0.707552 0.346296 0.0161458 0.0537037
0 0.30625 0.433333 0.015625 0.0555556
0 0.618229 0.308333 0.0125 0.0537037
0 0.744531 0.331481 0.0109375 0.0555556
0 0.556771 0.418519 0.015625 0.0555556
0 0.464583 0.378241 0.0125 0.0509259
0 0.413021 0.425463 0.015625 0.0638889
0 0.900521 0.400463 0.0114583 0.0564815
0 0.348698 0.529167 0.0255208 0.112037
0 0.49974 0.550926 0.0203125 0.0722222
0 0.890365 0.506481 0.0130208 0.0703704
0 0.819271 0.484722 0.015625 0.0638889
0 0.570833 0.505556 0.01875 0.0666667
