0 0.547656 0.304167 0.0140625 0.0527778
0 0.581771 0.377315 0.0177083 0.0583333
0 0.683854 0.318981 0.0135417 0.0564815
0 0.649479 0.310185 0.0208333 0.062963
0 0.185417 0.453241 0.0145833 0.0638889
0 0.594792 0.434259 0.015625 0.0574074
0 0.483854 0.390278 0.0166667 0.0527778
0 0.266667 0.623148 0.0166667 0.0481481
0 0.932292 0.393056 0.0104167 0.0527778
0 0.947135 0.545833 0.0223958 0.0694444
0 0.397396 0.447685 0.0197917 0.0657407
0 0.609115 0.531018 0.0182292 0.0675926
0 0.385417 0.55 0.0260417 0.062963
0 0.445833 0.55787 0.0229167 0.0638889
0 0.84401 0.488889 0.0244792 0.062963
