0 0.246094 0.442593 0.0161458 0.0555556
0 0.789062 0.285185 0.0114583 0.0537037
0 0.401563 0.388426 0.0114583 0.0435185
0 0.504167 0.361111 0.0166667 0.0444444
0 0.534896 0.3125 0.0125 0.0564815
0 0.553646 0.306019 0.0125 0.0546296
0 0.357292 0.428704 0.0197917 0.0666667
0 0.621354 0.341667 0.01875 0.0537037
0 0.28151 0.557407 0.0192708 0.0703704
0 0.488021 0.419444 0.0125 0.0574074
0 0.492448 0.506481 0.0161458 0.062963
0 0.808854 0.506944 0.015625 0.0675926
0 0.820312 0.4 0.015625 0.0518519
0 0.417448 0.545833 0.0203125 0.0638889
0 0.744531 0.486574 0.0171875 0.0601852
0 0.686458 0.336111 0.0114583 0.0574074
