0 0.820052 0.306019 0.0119792 0.0583333
0 0.522656 0.3125 0.0109375 0.0509259
0 0.579948 0.326389 0.0119792 0.0527778
0 0.224219 0.447222 0.0161458 0.0648148
0 0.51901 0.435648 0.0182292 0.0601852
0 0.533854 0.523148 0.0208333 0.0703704
0 0.861979 0.414815 0.0135417 0.0574074
0 0.536198 0.375926 0.0119792 0.0518519
0 0.41875 0.392593 0.0114583 0.0537037
0 0.679427 0.328704 0.00989583 0.0574074
0 0.291406 0.523148 0.0151042 0.0518519
0 0.232812 0.560185 0.0239583 0.0611111
0 0.345313 0.444907 0.0166667 0.062037
0 0.40625 0.576852 0.0177083 0.0740741
0 0.859896 0.531482 0.0197917 0.0666667
0 0.763021 0.493981 0.015625 0.0675926
0 0.66224 0.353241 0.0119792 0.0564815
