0 0.532292 0.309722 0.0135417 0.0546296
0 0.992448 0.418519 0.0151042 0.0592593
0 0.246354 0.439815 0.0166667 0.0574074
0 0.644531 0.347222 0.0171875 0.0555556
0 0.560677 0.308333 0.0119792 0.0555556
0 0.40625 0.381944 0.0135417 0.0527778
0 0.515625 0.364352 0.0166667 0.0509259
0 0.286458 0.535185 0.028125 0.114815
0 0.835677 0.399074 0.0140625 0.0574074
0 0.689062 0.333333 0.0104167 0.0555556
0 0.354688 0.425926 0.0135417 0.0611111
0 0.494792 0.421296 0.0145833 0.0574074
0 0.506771 0.506944 0.0166667 0.0675926
0 0.823698 0.509259 0.0171875 0.0722222
0 0.75651 0.486111 0.0161458 0.062963
0 0.434896 0.551852 0.0239583 0.0703704
