0 0.6125 0.331944 0.0145833 0.0509259
0 0.485156 0.358333 0.0151042 0.0518519
0 0.403906 0.406481 0.0130208 0.0481481
0 0.815104 0.302315 0.0114583 0.0490741
0 0.325521 0.519444 0.0177083 0.0648148
0 0.714323 0.363426 0.00989583 0.0583333
0 0.496354 0.444907 0.015625 0.0546296
0 0.348177 0.534259 0.0171875 0.0685185
0 0.850521 0.425463 0.0177083 0.0564815
0 0.502865 0.530093 0.0161458 0.0694444
0 0.422135 0.451389 0.0171875 0.0583333
0 0.817448 0.525926 0.0203125 0.0722222
0 0.742969 0.510648 0.0171875 0.062037
0 0.41849 0.579167 0.0171875 0.0712963
