0 0.913281 0.3125 0.0161458 0.0527778
0 0.66875 0.31713 0.0166667 0.0527778
0 0.189063 0.443981 0.01875 0.0675926
0 0.596094 0.38287 0.0130208 0.0546296
0 0.957292 0.545833 0.015625 0.0731481
0 0.622656 0.428241 0.0203125 0.0527778
0 0.44401 0.568519 0.0182292 0.0685185
0 0.93151 0.380093 0.0140625 0.0546296
0 0.504167 0.388889 0.015625 0.0537037
0 0.415885 0.550926 0.0182292 0.0611111
0 0.871094 0.488889 0.0192708 0.062963
0 0.433073 0.448611 0.0203125 0.0675926
0 0.625781 0.531482 0.0192708 0.0685185
