0 0.54375 0.293056 0.0104167 0.0398148
0 0.833073 0.284722 0.0130208 0.0546296
0 0.556771 0.364352 0.0166667 0.0453704
0 0.445573 0.379167 0.0130208 0.0490741
0 0.288021 0.436574 0.015625 0.0583333
0 0.60026 0.308796 0.0119792 0.0509259
0 0.538281 0.418981 0.0151042 0.0564815
0 0.553646 0.506019 0.0177083 0.0638889
0 0.332031 0.531482 0.0213542 0.112963
0 0.689583 0.346759 0.0145833 0.0527778
0 0.726042 0.330093 0.0104167 0.0564815
0 0.869792 0.505093 0.015625 0.0657407
0 0.395833 0.425463 0.015625 0.0694444
0 0.797917 0.485648 0.0177083 0.0675926
0 0.878906 0.398611 0.0119792 0.0564815
0 0.48099 0.549537 0.0182292 0.075
