0 0.495573 0.296759 0.00989583 0.0416667
0 0.246615 0.44213 0.0151042 0.0564815
0 0.788542 0.285648 0.0114583 0.0527778
0 0.401563 0.389352 0.0114583 0.0435185
0 0.553385 0.306019 0.0119792 0.0546296
0 0.535417 0.312963 0.0135417 0.0555556
0 0.357292 0.42963 0.0208333 0.0648148
0 0.502344 0.360648 0.0161458 0.0472222
0 0.28151 0.555093 0.0192708 0.075
0 0.619271 0.34537 0.01875 0.0518519
0 0.808073 0.506481 0.0151042 0.0666667
0 0.48776 0.418981 0.0119792 0.0564815
0 0.491927 0.506019 0.0161458 0.062037
0 0.819531 0.4 0.0161458 0.0518519
0 0.417188 0.546296 0.0208333 0.0666667
0 0.74349 0.488889 0.0192708 0.0592593
0 0.686198 0.336574 0.0119792 0.0564815
