0 0.797396 0.289815 0.0114583 0.0481481
0 0.408073 0.381944 0.0130208 0.0527778
0 0.51849 0.364352 0.0203125 0.0490741
0 0.247135 0.439815 0.0161458 0.0574074
0 0.2875 0.538426 0.0239583 0.106481
0 0.563542 0.309259 0.0125 0.0537037
0 0.648438 0.347222 0.0177083 0.0574074
0 0.690885 0.334259 0.0119792 0.0555556
0 0.35599 0.426852 0.0130208 0.062963
0 0.497917 0.42037 0.0145833 0.0555556
0 0.839323 0.4 0.0119792 0.0555556
0 0.758333 0.486111 0.015625 0.0648148
0 0.827604 0.508333 0.015625 0.0666667
0 0.508594 0.508796 0.0171875 0.0694444
0 0.438281 0.552315 0.0223958 0.0712963
