0 0.632031 0.307407 0.0119792 0.0537037
0 0.570052 0.302778 0.0109375 0.0444444
0 0.616406 0.3125 0.0130208 0.0509259
0 0.870052 0.290741 0.0140625 0.0555556
0 0.478906 0.388889 0.0130208 0.0481481
0 0.32526 0.446296 0.0161458 0.0555556
0 0.442187 0.42963 0.0145833 0.0611111
0 0.76849 0.342593 0.0119792 0.0555556
0 0.367188 0.554167 0.0208333 0.075
0 0.827344 0.497222 0.0192708 0.0574074
0 0.690885 0.343981 0.0182292 0.0583333
0 0.891667 0.513426 0.0166667 0.0712963
0 0.565625 0.425 0.0135417 0.0537037
0 0.904167 0.406944 0.0145833 0.0564815
0 0.491667 0.553704 0.0166667 0.0685185
0 0.569531 0.510648 0.0171875 0.0657407
