0 0.507812 0.308333 0.0114583 0.0462963
0 0.548177 0.369444 0.0161458 0.0555556
0 0.613542 0.319907 0.0104167 0.0472222
0 0.66849 0.312963 0.0109375 0.05
0 0.908073 0.415741 0.0140625 0.0518519
0 0.208854 0.455556 0.0166667 0.062963
0 0.352865 0.435648 0.0192708 0.0564815
0 0.452083 0.389352 0.0104167 0.0527778
0 0.552604 0.436111 0.0166667 0.0555556
0 0.927604 0.543981 0.0208333 0.0712963
0 0.800781 0.494444 0.0171875 0.0574074
0 0.689583 0.346759 0.0114583 0.0564815
0 0.338802 0.530556 0.0151042 0.0592593
0 0.567448 0.528241 0.0171875 0.0657407
0 0.2375 0.598611 0.0166667 0.0694444
0 0.43151 0.545833 0.0213542 0.062037
