0 0.784635 0.2875 0.0119792 0.0546296
0 0.284115 0.506944 0.0192708 0.0675926
0 0.400781 0.384722 0.0119792 0.0472222
0 0.601562 0.334259 0.0177083 0.0537037
0 0.297656 0.544907 0.0234375 0.0675926
0 0.484375 0.421759 0.0125 0.0564815
0 0.485938 0.50463 0.015625 0.0685185
0 0.370573 0.424074 0.0130208 0.062963
0 0.252865 0.443519 0.0140625 0.0592593
0 0.795052 0.500463 0.0140625 0.0712963
0 0.736198 0.487963 0.0171875 0.0592593
0 0.685938 0.338426 0.0104167 0.0527778
0 0.814844 0.4 0.0119792 0.0574074
0 0.40651 0.546296 0.0213542 0.0722222
