0 0.51875 0.293981 0.0104167 0.0416667
38 0.299219 0.538426 0.0223958 0.0953704
0 0.259375 0.438426 0.0166667 0.0546296
0 0.575 0.308333 0.0125 0.0537037
0 0.530729 0.364352 0.0177083 0.0472222
0 0.41901 0.380556 0.0130208 0.0537037
0 0.301562 0.533796 0.0239583 0.10463
0 0.664062 0.347685 0.015625 0.0546296
0 0.511198 0.420833 0.0161458 0.0564815
0 0.366927 0.425926 0.0140625 0.062963
0 0.700521 0.331944 0.0125 0.0546296
0 0.523698 0.508796 0.0192708 0.0675926
0 0.771354 0.486111 0.0177083 0.0685185
0 0.841667 0.505556 0.0166667 0.0703704
0 0.452083 0.551852 0.0197917 0.0740741
0 0.853125 0.399537 0.0114583 0.0564815
