0 0.519792 0.365741 0.0177083 0.0462963
0 0.292969 0.522222 0.0223958 0.0925926
0 0.409115 0.381481 0.0130208 0.0537037
0 0.288021 0.540278 0.021875 0.102778
0 0.248177 0.438426 0.0140625 0.0564815
0 0.564062 0.309259 0.0125 0.0537037
0 0.65 0.348148 0.01875 0.0574074
0 0.356771 0.426852 0.0145833 0.062963
0 0.691927 0.335648 0.0119792 0.0583333
0 0.49974 0.419907 0.0140625 0.0546296
0 0.511198 0.50787 0.0171875 0.0675926
0 0.759635 0.486574 0.0171875 0.0657407
0 0.829167 0.50787 0.015625 0.0675926
0 0.840625 0.399537 0.0125 0.0564815
0 0.439583 0.550926 0.021875 0.0722222
