0 0.547917 0.364352 0.0145833 0.0472222
0 0.826302 0.287037 0.0109375 0.05
0 0.591927 0.309259 0.0119792 0.0537037
0 0.680729 0.347685 0.015625 0.0509259
0 0.279427 0.436111 0.0171875 0.062963
0 0.529427 0.42037 0.0171875 0.0555556
0 0.717969 0.331944 0.0109375 0.0546296
0 0.870573 0.399074 0.0119792 0.0555556
0 0.438802 0.380556 0.0119792 0.0518519
0 0.789583 0.485185 0.015625 0.0648148
0 0.321875 0.531944 0.0260417 0.110185
0 0.54375 0.50787 0.0177083 0.0638889
0 0.385938 0.426852 0.0135417 0.0666667
0 0.860937 0.505093 0.0177083 0.0694444
0 0.471615 0.550926 0.0192708 0.0722222
