0 0.445052 0.408333 0.0119792 0.0518519
0 0.908333 0.311574 0.0145833 0.0527778
0 0.559115 0.461111 0.0119792 0.062963
0 0.548177 0.356019 0.0161458 0.0787037
0 0.963542 0.44213 0.0145833 0.0601852
0 0.686198 0.335185 0.0213542 0.0722222
0 0.495573 0.452315 0.0192708 0.0694444
0 0.396875 0.517593 0.015625 0.0685185
0 0.652083 0.333333 0.0125 0.0592593
0 0.438802 0.508796 0.0171875 0.0675926
0 0.811979 0.380556 0.0125 0.0611111
0 0.921875 0.538889 0.0135417 0.0759259
0 0.489844 0.581944 0.0161458 0.075
0 0.826563 0.516667 0.0197917 0.0722222
0 0.565365 0.546759 0.0171875 0.0694444
