0 0.48724 0.318519 0.0119792 0.05
0 0.474479 0.356944 0.0135417 0.0453704
0 0.260156 0.448148 0.0171875 0.062963
0 0.398958 0.405556 0.0145833 0.0574074
0 0.482812 0.435185 0.0145833 0.0611111
0 0.59349 0.333796 0.0140625 0.0527778
0 0.484375 0.516204 0.0135417 0.0657407
0 0.385417 0.437963 0.0104167 0.0685185
0 0.790365 0.295833 0.0109375 0.0527778
0 0.55599 0.323148 0.0140625 0.062963
0 0.824479 0.415278 0.0145833 0.0564815
0 0.291146 0.513889 0.0145833 0.0648148
0 0.790625 0.514352 0.0135417 0.0675926
0 0.316406 0.547222 0.0192708 0.0722222
0 0.396875 0.573611 0.0177083 0.0731481
0 0.690625 0.355093 0.0114583 0.0564815
0 0.733854 0.504167 0.0208333 0.0638889
