0 0.856771 0.299537 0.0114583 0.0472222
0 0.651823 0.325926 0.0130208 0.0574074
0 0.527083 0.343519 0.0177083 0.0759259
0 0.534375 0.442593 0.0135417 0.0611111
0 0.438802 0.40787 0.0119792 0.0509259
0 0.757552 0.364352 0.0130208 0.0601852
0 0.388802 0.526389 0.0151042 0.0712963
0 0.865365 0.528241 0.0171875 0.0675926
0 0.897135 0.425463 0.0130208 0.0564815
0 0.46224 0.449537 0.0182292 0.062037
0 0.542188 0.531018 0.015625 0.0657407
0 0.366146 0.5125 0.0145833 0.0657407
0 0.458854 0.576852 0.01875 0.0740741
0 0.784635 0.510648 0.0161458 0.0712963
