0 0.570312 0.35 0.0145833 0.0518519
0 0.886719 0.294907 0.0130208 0.0546296
0 0.575521 0.433333 0.0145833 0.0537037
0 0.643229 0.317593 0.015625 0.0611111
0 0.895312 0.516204 0.0166667 0.0657407
0 0.489323 0.394907 0.0109375 0.0509259
0 0.784896 0.352315 0.0114583 0.0564815
0 0.688021 0.335648 0.015625 0.0564815
0 0.34401 0.44537 0.0182292 0.0685185
0 0.492708 0.56713 0.0197917 0.0657407
0 0.375 0.514352 0.0197917 0.0657407
0 0.579427 0.516204 0.0130208 0.0638889
0 0.400521 0.556944 0.021875 0.0694444
0 0.467969 0.434259 0.0119792 0.0722222
0 0.923958 0.415741 0.0135417 0.0592593
0 0.836198 0.507407 0.0171875 0.0666667
