0 0.895573 0.303704 0.0140625 0.0574074
0 0.682292 0.326389 0.0114583 0.0638889
0 0.548177 0.348148 0.0151042 0.0814815
0 0.665104 0.338889 0.0125 0.0537037
0 0.454688 0.412963 0.0135417 0.0537037
0 0.94375 0.435185 0.0145833 0.0537037
0 0.488802 0.455093 0.0151042 0.0675926
0 0.417448 0.523148 0.0161458 0.0685185
0 0.641927 0.328704 0.0109375 0.0555556
0 0.558333 0.454167 0.0125 0.062037
0 0.794271 0.372222 0.015625 0.0574074
0 0.56875 0.539815 0.0166667 0.0722222
0 0.390104 0.518519 0.0145833 0.062963
0 0.90651 0.5375 0.0151042 0.0675926
0 0.817708 0.518056 0.0166667 0.0731481
0 0.483073 0.582407 0.0161458 0.0740741
