0 0.496354 0.296759 0.0104167 0.0435185
0 0.246094 0.44213 0.0161458 0.0564815
0 0.788542 0.285648 0.0114583 0.0509259
0 0.401563 0.388426 0.0114583 0.0435185
0 0.504167 0.361111 0.0166667 0.0444444
0 0.534635 0.3125 0.0130208 0.0564815
0 0.553646 0.306019 0.0125 0.0546296
0 0.357292 0.428241 0.0197917 0.0675926
0 0.28099 0.557407 0.0192708 0.0703704
0 0.488021 0.419444 0.0125 0.0574074
0 0.621615 0.343981 0.0203125 0.0546296
0 0.492969 0.506019 0.0161458 0.062037
0 0.809635 0.506944 0.0161458 0.0675926
0 0.418229 0.546296 0.0208333 0.062963
0 0.820833 0.400463 0.015625 0.0509259
0 0.744792 0.486111 0.015625 0.0611111
0 0.686458 0.336111 0.0114583 0.0574074
