0 0.808594 0.299537 0.0119792 0.0472222
0 0.577344 0.329167 0.0213542 0.0601852
0 0.60599 0.32963 0.0140625 0.0518519
0 0.494271 0.325463 0.0125 0.0453704
0 0.497917 0.527778 0.0135417 0.0648148
0 0.4125 0.449074 0.0208333 0.0592593
0 0.478646 0.358333 0.0125 0.0444444
0 0.316406 0.516667 0.0151042 0.0574074
0 0.49375 0.443519 0.015625 0.0555556
0 0.340365 0.539352 0.0151042 0.0712963
0 0.707031 0.360185 0.0130208 0.0574074
0 0.808073 0.524074 0.0192708 0.0740741
0 0.73776 0.509722 0.0171875 0.0638889
0 0.840885 0.421296 0.0140625 0.0555556
0 0.410937 0.579167 0.0166667 0.0712963
