0 0.657031 0.346759 0.0182292 0.062037
0 0.409896 0.413426 0.0104167 0.0546296
0 0.523438 0.361574 0.01875 0.075
0 0.672656 0.326389 0.0130208 0.075
0 0.635156 0.3375 0.0130208 0.0564815
0 0.346354 0.429167 0.0177083 0.0694444
0 0.479948 0.45 0.0151042 0.0703704
0 0.889844 0.312037 0.0119792 0.0537037
0 0.434896 0.49213 0.0145833 0.0694444
0 0.794531 0.38287 0.0130208 0.0601852
0 0.942969 0.441204 0.0140625 0.062037
0 0.379687 0.51713 0.0145833 0.0657407
0 0.53724 0.463426 0.0161458 0.0675926
0 0.475521 0.576852 0.0197917 0.0777778
0 0.899219 0.536574 0.0161458 0.0731481
0 0.805469 0.514815 0.0161458 0.0703704
0 0.530208 0.556481 0.0208333 0.0703704
