0 0.858333 0.297222 0.0135417 0.0685185
0 0.565365 0.301389 0.0119792 0.0527778
0 0.277604 0.433333 0.0166667 0.0648148
0 0.720312 0.324537 0.0125 0.062037
0 0.626562 0.3125 0.0114583 0.0509259
0 0.907292 0.402778 0.015625 0.0518519
0 0.345833 0.506481 0.0135417 0.0555556
0 0.583854 0.363426 0.0125 0.0509259
0 0.396875 0.429167 0.0166667 0.0583333
0 0.28724 0.546296 0.0223958 0.0574074
0 0.56901 0.422222 0.0182292 0.0555556
0 0.470052 0.379167 0.0130208 0.0527778
0 0.461198 0.556481 0.0182292 0.0666667
0 0.702865 0.34537 0.0130208 0.0574074
0 0.90625 0.518519 0.0197917 0.0648148
0 0.807552 0.480093 0.0130208 0.0657407
0 0.5875 0.510185 0.0239583 0.0666667
