0 0.657552 0.318519 0.0140625 0.0481481
0 0.673698 0.318056 0.0119792 0.0490741
0 0.277083 0.628704 0.015625 0.037037
0 0.93099 0.386111 0.0130208 0.0574074
0 0.182812 0.450463 0.0125 0.0657407
0 0.558333 0.295833 0.0145833 0.0583333
0 0.395833 0.552315 0.0166667 0.0601852
0 0.605208 0.428241 0.0166667 0.0527778
0 0.58724 0.380556 0.0140625 0.0518519
0 0.489062 0.388889 0.0125 0.05
0 0.951302 0.543056 0.0151042 0.075
0 0.410937 0.448148 0.0239583 0.0592593
0 0.44349 0.559259 0.0203125 0.0666667
0 0.853385 0.489352 0.0161458 0.0601852
0 0.613802 0.531482 0.0244792 0.0666667
