0 0.492448 0.301852 0.0109375 0.0444444
0 0.539583 0.309259 0.015625 0.0518519
0 0.552604 0.304167 0.0125 0.0564815
0 0.786458 0.288426 0.0114583 0.0527778
0 0.607292 0.338889 0.01875 0.0574074
0 0.401563 0.387037 0.0114583 0.05
0 0.25 0.443519 0.015625 0.0555556
0 0.289323 0.547222 0.0223958 0.0814815
0 0.485677 0.421759 0.0151042 0.0546296
0 0.800521 0.503704 0.0177083 0.0703704
0 0.365625 0.427315 0.0145833 0.0638889
0 0.488542 0.503241 0.01875 0.0675926
0 0.408073 0.546296 0.0182292 0.0722222
0 0.738281 0.489352 0.0203125 0.0583333
0 0.686198 0.338426 0.00989583 0.0546296
0 0.815365 0.399537 0.0119792 0.0564815
