0 0.519271 0.348611 0.01875 0.0564815
0 0.644271 0.325463 0.0125 0.0546296
0 0.848958 0.297685 0.0104167 0.0472222
0 0.435937 0.405093 0.0125 0.0509259
0 0.535937 0.528241 0.0145833 0.0694444
0 0.358854 0.5125 0.015625 0.0638889
0 0.885938 0.424537 0.015625 0.0564815
0 0.530208 0.441667 0.0145833 0.0574074
0 0.748177 0.361111 0.0119792 0.0592593
0 0.45599 0.447222 0.0171875 0.0574074
0 0.855208 0.522222 0.0177083 0.0703704
0 0.777604 0.509722 0.0177083 0.0675926
0 0.453385 0.573611 0.0182292 0.0731481
0 0.382812 0.530093 0.01875 0.0675926
