0 0.884375 0.301389 0.0125 0.0527778
0 0.551042 0.353704 0.015625 0.0407407
0 0.646094 0.327315 0.0171875 0.0583333
0 0.677083 0.32963 0.0166667 0.0537037
0 0.565885 0.320833 0.0109375 0.0435185
0 0.570573 0.525463 0.0151042 0.0675926
0 0.38151 0.514352 0.0140625 0.0657407
0 0.477083 0.428704 0.0166667 0.1
0 0.782552 0.359259 0.0130208 0.0592593
0 0.920573 0.425926 0.0161458 0.0555556
0 0.888021 0.530556 0.01875 0.0740741
0 0.566146 0.442593 0.0135417 0.0592593
0 0.819792 0.5125 0.0177083 0.0638889
0 0.407552 0.543519 0.0192708 0.0759259
0 0.482812 0.580556 0.0177083 0.0703704
