0 0.661198 0.327315 0.0140625 0.062037
0 0.86875 0.303241 0.0125 0.0490741
0 0.641927 0.334259 0.0151042 0.0537037
0 0.532031 0.34213 0.0161458 0.0861111
0 0.442448 0.409722 0.0130208 0.0527778
0 0.622135 0.324074 0.0130208 0.0574074
0 0.769271 0.366204 0.0145833 0.0583333
0 0.914062 0.426852 0.015625 0.0537037
0 0.374479 0.516204 0.015625 0.0675926
0 0.397656 0.521296 0.0151042 0.0703704
0 0.470833 0.45 0.0166667 0.0648148
0 0.795052 0.5125 0.0171875 0.0638889
0 0.879427 0.531944 0.0171875 0.0675926
0 0.54974 0.533796 0.0140625 0.0675926
0 0.540625 0.448148 0.0125 0.0611111
0 0.466667 0.577315 0.0177083 0.0768519
