0 0.542188 0.37037 0.0145833 0.0444444
0 0.679427 0.34537 0.0171875 0.062963
0 0.345833 0.436111 0.0197917 0.0518519
0 0.672917 0.315278 0.0114583 0.0509259
0 0.604688 0.321759 0.0125 0.0509259
0 0.213021 0.457407 0.0177083 0.062963
0 0.446094 0.39213 0.0130208 0.0546296
0 0.682813 0.359259 0.0177083 0.05
0 0.897135 0.41713 0.0151042 0.0564815
0 0.547135 0.436111 0.0182292 0.062963
0 0.914844 0.538426 0.0182292 0.0712963
0 0.786979 0.495833 0.0197917 0.0583333
0 0.326823 0.526389 0.0213542 0.0583333
0 0.563281 0.529167 0.0213542 0.0657407
0 0.436458 0.552315 0.01875 0.0675926
0 0.238021 0.586111 0.0208333 0.0685185
