0 0.576823 0.358333 0.0182292 0.0537037
0 0.859635 0.294444 0.0130208 0.0592593
0 0.711979 0.343519 0.009375 0.0481481
0 0.351042 0.505556 0.0145833 0.0592593
0 0.615104 0.316204 0.0114583 0.0490741
0 0.294271 0.429167 0.0177083 0.062037
0 0.327344 0.541204 0.0213542 0.0601852
0 0.463021 0.375463 0.0145833 0.0527778
0 0.561198 0.423148 0.0182292 0.0574074
0 0.896354 0.400463 0.0135417 0.0509259
0 0.576823 0.50463 0.0203125 0.0666667
0 0.73099 0.324537 0.00989583 0.0527778
0 0.402604 0.424537 0.0145833 0.0638889
0 0.471094 0.563889 0.0223958 0.0666667
0 0.811979 0.485185 0.01875 0.062963
0 0.894531 0.510185 0.0182292 0.0666667
