0 0.432292 0.381019 0.0135417 0.0527778
0 0.543229 0.363889 0.0166667 0.0462963
0 0.58724 0.308796 0.0140625 0.0527778
0 0.273698 0.4375 0.0151042 0.0583333
0 0.52474 0.418981 0.0161458 0.0546296
0 0.676302 0.347685 0.0151042 0.0546296
0 0.38099 0.425926 0.0140625 0.0648148
0 0.53776 0.506481 0.0203125 0.0648148
0 0.713021 0.332407 0.0125 0.0555556
0 0.785156 0.485648 0.0171875 0.0675926
0 0.855469 0.50463 0.0161458 0.0685185
0 0.316927 0.531944 0.0234375 0.110185
0 0.865625 0.399537 0.0125 0.0583333
0 0.465625 0.550463 0.0197917 0.0731481
