0 0.70625 0.349074 0.015625 0.0518519
0 0.389583 0.428241 0.01875 0.0564815
0 0.853646 0.299074 0.0135417 0.0666667
0 0.628646 0.316204 0.0104167 0.0509259
0 0.265625 0.439815 0.0166667 0.0648148
0 0.346615 0.505093 0.0130208 0.0583333
0 0.476042 0.378704 0.015625 0.0518519
0 0.57474 0.424074 0.0171875 0.0574074
0 0.916146 0.405093 0.015625 0.0509259
0 0.924479 0.526389 0.034375 0.0694444
0 0.278646 0.551389 0.0270833 0.0675926
0 0.467708 0.547222 0.0208333 0.0703704
0 0.811979 0.486111 0.01875 0.0648148
0 0.592188 0.512963 0.0177083 0.0648148
