0 0.358854 0.438889 0.01875 0.05
0 0.44349 0.409259 0.0119792 0.0518519
0 0.559896 0.461111 0.0114583 0.0666667
0 0.547656 0.355093 0.0171875 0.0768519
0 0.496615 0.452315 0.0182292 0.0694444
0 0.397396 0.518519 0.015625 0.0703704
0 0.686458 0.335185 0.0229167 0.0740741
0 0.815104 0.381944 0.0114583 0.0583333
0 0.966667 0.442593 0.0145833 0.0592593
0 0.564323 0.546759 0.0161458 0.0731481
0 0.655208 0.334259 0.0125 0.0611111
0 0.9125 0.313889 0.0145833 0.0555556
0 0.923958 0.538426 0.0145833 0.075
0 0.827865 0.515741 0.0192708 0.0722222
0 0.491406 0.580556 0.0161458 0.0722222
0 0.441927 0.509259 0.0171875 0.0666667
