0 0.675 0.324537 0.0135417 0.0657407
0 0.659635 0.346296 0.0171875 0.0611111
0 0.52526 0.3625 0.0171875 0.0731481
0 0.41224 0.413426 0.0109375 0.0527778
0 0.48099 0.450926 0.0161458 0.0722222
0 0.347656 0.428704 0.0182292 0.0685185
0 0.63776 0.3375 0.0130208 0.0564815
0 0.945052 0.440741 0.0130208 0.0648148
0 0.539323 0.4625 0.0140625 0.0675926
0 0.891927 0.314352 0.0130208 0.0583333
0 0.795833 0.382407 0.0125 0.0592593
0 0.436198 0.493519 0.0151042 0.0666667
0 0.380208 0.517593 0.0145833 0.0666667
0 0.477604 0.575926 0.01875 0.0722222
0 0.901302 0.536574 0.0140625 0.0712963
0 0.807552 0.515741 0.0171875 0.0685185
0 0.532812 0.555556 0.0197917 0.0722222
