0 0.691927 0.335185 0.0161458 0.0685185
0 0.684635 0.346759 0.0171875 0.0583333
0 0.436979 0.4125 0.0145833 0.0583333
0 0.548177 0.357407 0.0171875 0.0796296
0 0.364323 0.43287 0.0151042 0.0675926
0 0.501302 0.450463 0.0161458 0.0675926
0 0.560938 0.465278 0.0145833 0.0657407
0 0.658594 0.334259 0.0130208 0.062963
0 0.970833 0.444907 0.015625 0.0657407
0 0.452865 0.497222 0.0161458 0.0685185
0 0.820312 0.383796 0.0125 0.0564815
0 0.40026 0.517593 0.0171875 0.0685185
0 0.917969 0.315741 0.0151042 0.0555556
0 0.558333 0.551852 0.0166667 0.0777778
0 0.927865 0.539352 0.0119792 0.075
0 0.496615 0.578241 0.0192708 0.0712963
0 0.832552 0.516667 0.0192708 0.0703704
