0 0.786979 0.287037 0.0114583 0.0537037
0 0.552604 0.312037 0.01875 0.0592593
0 0.485938 0.425 0.0145833 0.0555556
0 0.597396 0.331019 0.0145833 0.0564815
0 0.258854 0.441667 0.0166667 0.062963
0 0.402344 0.389352 0.0109375 0.0509259
0 0.377865 0.425463 0.0130208 0.0675926
0 0.489062 0.506019 0.0135417 0.0657407
0 0.28724 0.50787 0.0182292 0.062037
0 0.794531 0.497685 0.0171875 0.0694444
0 0.689323 0.339815 0.00989583 0.0537037
0 0.736198 0.489352 0.0171875 0.062037
0 0.819271 0.400463 0.0135417 0.0564815
0 0.309896 0.547685 0.0260417 0.0638889
0 0.405469 0.551852 0.0203125 0.0703704
