0 0.485156 0.346296 0.0161458 0.0555556
0 0.788542 0.287037 0.0125 0.0537037
0 0.553646 0.3125 0.01875 0.0601852
0 0.598437 0.330093 0.0166667 0.0564815
0 0.403125 0.388889 0.0104167 0.05
0 0.260156 0.442593 0.0151042 0.0611111
0 0.486979 0.424074 0.015625 0.0555556
0 0.380469 0.425463 0.0140625 0.0657407
0 0.794531 0.498148 0.0171875 0.0685185
0 0.689583 0.343981 0.0114583 0.062037
0 0.489323 0.505093 0.0130208 0.0657407
0 0.820833 0.401389 0.0135417 0.0583333
0 0.288802 0.506944 0.0192708 0.0638889
0 0.73724 0.490278 0.0171875 0.062037
0 0.313021 0.549074 0.0229167 0.062963
0 0.40599 0.552778 0.0192708 0.0703704
