0 0.41224 0.394907 0.0109375 0.0546296
0 0.795052 0.287963 0.0130208 0.0518519
0 0.271615 0.440278 0.0182292 0.062037
0 0.563281 0.313889 0.0161458 0.0574074
0 0.698177 0.34537 0.0109375 0.0537037
0 0.495313 0.506019 0.0145833 0.062037
0 0.302083 0.505093 0.0177083 0.0638889
0 0.411198 0.559722 0.0182292 0.0675926
0 0.394531 0.426852 0.0130208 0.0685185
0 0.49375 0.424537 0.015625 0.0564815
0 0.602344 0.327778 0.0130208 0.0555556
0 0.83099 0.403241 0.0140625 0.0564815
0 0.743229 0.492593 0.0197917 0.0648148
0 0.798698 0.503241 0.0151042 0.0675926
0 0.328125 0.541204 0.021875 0.0638889
