0 0.564062 0.310648 0.0135417 0.0527778
0 0.538542 0.294444 0.0104167 0.0425926
0 0.828906 0.2875 0.0130208 0.0527778
0 0.550781 0.363889 0.0151042 0.0444444
0 0.282552 0.438889 0.0171875 0.0592593
0 0.594271 0.309722 0.0135417 0.0527778
0 0.683333 0.349074 0.0166667 0.0537037
0 0.440104 0.380556 0.0125 0.05
0 0.532552 0.419907 0.0161458 0.0564815
0 0.719531 0.331481 0.0119792 0.0574074
0 0.32474 0.532407 0.0255208 0.103704
0 0.863021 0.505093 0.0145833 0.0675926
0 0.389323 0.424537 0.0130208 0.062037
0 0.873177 0.397222 0.0140625 0.0592593
0 0.792969 0.485648 0.0171875 0.0657407
0 0.473958 0.55 0.021875 0.0722222
0 0.546354 0.507407 0.01875 0.0648148
