0 0.519531 0.3375 0.0192708 0.0731481
0 0.640625 0.326852 0.0145833 0.0518519
0 0.533854 0.525926 0.0145833 0.0703704
0 0.845312 0.296759 0.0114583 0.0509259
0 0.434375 0.403704 0.0104167 0.05
0 0.879948 0.422222 0.0171875 0.0611111
0 0.354688 0.513426 0.0166667 0.0638889
0 0.774479 0.508333 0.0177083 0.062963
0 0.527604 0.441667 0.0145833 0.0592593
0 0.744271 0.361111 0.0135417 0.0574074
0 0.453385 0.445833 0.0161458 0.0564815
0 0.848958 0.523148 0.0208333 0.0740741
0 0.379687 0.531482 0.01875 0.062963
0 0.449479 0.572685 0.0166667 0.0731481
