0 0.290625 0.435185 0.0208333 0.0574074
0 0.508333 0.311111 0.0114583 0.0444444
0 0.811979 0.292593 0.0114583 0.05
0 0.614323 0.325463 0.0140625 0.0527778
0 0.581771 0.319444 0.0145833 0.0592593
0 0.324479 0.50463 0.0177083 0.0648148
0 0.508073 0.428704 0.0140625 0.0537037
0 0.754427 0.494907 0.0151042 0.062037
0 0.714323 0.349074 0.0130208 0.0537037
0 0.846094 0.409722 0.0140625 0.0527778
0 0.510156 0.514815 0.0151042 0.0666667
0 0.348437 0.533333 0.0177083 0.0703704
0 0.419531 0.419444 0.0182292 0.0981481
0 0.424479 0.566204 0.015625 0.0768519
0 0.815104 0.506944 0.0145833 0.0657407
