0 0.511719 0.3625 0.0161458 0.0490741
0 0.245312 0.438889 0.0145833 0.0555556
0 0.279167 0.557407 0.0197917 0.0685185
0 0.286979 0.522685 0.0229167 0.0935185
0 0.558073 0.308333 0.0119792 0.0592593
0 0.404167 0.384259 0.0114583 0.0518519
0 0.686979 0.334722 0.0125 0.0546296
0 0.353385 0.427315 0.0140625 0.0675926
0 0.820312 0.508796 0.015625 0.0712963
0 0.639063 0.346759 0.0135417 0.0583333
0 0.491927 0.421296 0.0130208 0.0555556
0 0.832552 0.399537 0.0171875 0.0546296
0 0.503646 0.505556 0.0177083 0.0648148
0 0.753906 0.485185 0.0182292 0.062963
0 0.430469 0.55 0.0244792 0.0666667
