0 0.321615 0.631944 0.0140625 0.0361111
0 0.688021 0.317593 0.0166667 0.0518519
0 0.951042 0.381944 0.0125 0.0509259
0 0.210156 0.444444 0.0171875 0.0648148
0 0.975781 0.548148 0.0213542 0.0740741
0 0.463802 0.569444 0.0161458 0.0703704
0 0.523698 0.389815 0.0151042 0.0537037
0 0.438281 0.549537 0.0192708 0.0601852
0 0.642448 0.426852 0.0203125 0.05
0 0.615365 0.384722 0.0109375 0.0527778
0 0.454427 0.448611 0.0192708 0.0638889
0 0.892187 0.489352 0.0197917 0.062037
0 0.647396 0.531944 0.0208333 0.0694444
