0 0.228906 0.455093 0.0130208 0.0601852
0 0.497656 0.370833 0.0151042 0.0472222
0 0.546354 0.315278 0.0135417 0.0546296
0 0.263281 0.577778 0.0213542 0.0592593
0 0.26875 0.52037 0.0166667 0.0666667
0 0.478125 0.429167 0.0125 0.0527778
0 0.620313 0.353704 0.021875 0.0518519
0 0.344271 0.437963 0.0197917 0.0685185
0 0.808333 0.51713 0.015625 0.0657407
0 0.819271 0.409259 0.0166667 0.0518519
0 0.680208 0.344907 0.0114583 0.0527778
0 0.390885 0.398611 0.0119792 0.0490741
0 0.485677 0.514352 0.0151042 0.062037
0 0.409115 0.557407 0.0182292 0.062963
0 0.741927 0.493981 0.0130208 0.0657407
