0 0.619792 0.323611 0.0135417 0.0546296
0 0.639323 0.331019 0.0130208 0.0564815
0 0.865625 0.301852 0.0114583 0.05
0 0.659115 0.324074 0.0119792 0.0611111
0 0.53099 0.343519 0.0151042 0.0833333
0 0.440885 0.408333 0.0119792 0.0481481
0 0.766667 0.366204 0.0125 0.0583333
0 0.910156 0.426389 0.0161458 0.0546296
0 0.395573 0.522222 0.0161458 0.0685185
0 0.46901 0.449074 0.0192708 0.062963
0 0.372396 0.514352 0.0177083 0.0657407
0 0.875 0.531482 0.0177083 0.0685185
0 0.539583 0.447685 0.0114583 0.0601852
0 0.547656 0.53287 0.0140625 0.0675926
0 0.79349 0.5125 0.0161458 0.0638889
0 0.464323 0.576852 0.0171875 0.0759259
