0 0.390104 0.513889 0.04375 0.0703704
0 0.408594 0.410185 0.0109375 0.0555556
0 0.86849 0.312037 0.0151042 0.0518519
0 0.511979 0.356944 0.015625 0.075
0 0.648177 0.337037 0.0203125 0.0759259
0 0.920833 0.438889 0.0125 0.0592593
0 0.4625 0.452315 0.0166667 0.0694444
0 0.524219 0.462963 0.0119792 0.062963
0 0.364583 0.51713 0.0135417 0.0657407
0 0.773698 0.380556 0.0109375 0.0574074
0 0.528385 0.541667 0.0140625 0.0722222
0 0.617188 0.335185 0.0114583 0.0574074
0 0.880729 0.533796 0.0145833 0.0694444
0 0.408594 0.508333 0.0161458 0.0685185
0 0.457552 0.579167 0.0161458 0.0694444
0 0.786979 0.515278 0.0177083 0.0731481
