0 0.558594 0.310185 0.0161458 0.0537037
0 0.545833 0.365278 0.015625 0.0472222
0 0.435156 0.380556 0.0130208 0.0518519
0 0.589323 0.30787 0.0119792 0.0546296
0 0.526563 0.419907 0.0145833 0.0564815
0 0.275521 0.437963 0.015625 0.0611111
0 0.716146 0.333333 0.0114583 0.0537037
0 0.678125 0.346759 0.015625 0.0546296
0 0.319531 0.531482 0.0213542 0.109259
0 0.539844 0.506944 0.0182292 0.0638889
0 0.86875 0.399537 0.0125 0.0564815
0 0.383333 0.426389 0.0145833 0.0694444
0 0.786979 0.485648 0.0177083 0.0675926
0 0.857031 0.506019 0.0161458 0.0712963
0 0.467708 0.549537 0.0208333 0.0731481
