0 0.508333 0.309722 0.0104167 0.0435185
0 0.495052 0.350463 0.0140625 0.0416667
0 0.289844 0.436574 0.0203125 0.0564815
0 0.507031 0.428241 0.0140625 0.0546296
0 0.810417 0.291204 0.0125 0.0527778
0 0.613281 0.327315 0.0151042 0.0527778
0 0.323438 0.505093 0.015625 0.0638889
0 0.713281 0.349537 0.0130208 0.0527778
0 0.845573 0.409259 0.0140625 0.0537037
0 0.753646 0.494907 0.0166667 0.062037
0 0.579948 0.319444 0.0140625 0.0611111
0 0.510677 0.5125 0.0161458 0.0675926
0 0.424219 0.567593 0.0161458 0.0703704
0 0.41849 0.418981 0.0182292 0.0953704
0 0.813021 0.506019 0.015625 0.0675926
0 0.347396 0.533796 0.0177083 0.0694444
