0 0.854427 0.299074 0.0140625 0.062963
0 0.714844 0.31713 0.0119792 0.0490741
0 0.628646 0.31713 0.0104167 0.0472222
0 0.704427 0.352315 0.0161458 0.0490741
0 0.391146 0.428704 0.0177083 0.0611111
0 0.267708 0.439352 0.0166667 0.062037
0 0.474479 0.37963 0.015625 0.0537037
0 0.572656 0.424074 0.0182292 0.0574074
0 0.913542 0.405556 0.0135417 0.05
0 0.344271 0.507407 0.015625 0.0537037
0 0.916667 0.524074 0.0208333 0.062963
0 0.279948 0.548148 0.0265625 0.0592593
0 0.465885 0.549537 0.0192708 0.0675926
0 0.810938 0.486574 0.0177083 0.0657407
0 0.591406 0.5125 0.0182292 0.0638889
