0 0.270833 0.542593 0.034375 0.0685185
0 0.521354 0.378241 0.0177083 0.0435185
0 0.811719 0.306944 0.0130208 0.0509259
0 0.511198 0.516204 0.0161458 0.0824074
0 0.56276 0.326852 0.0140625 0.0555556
0 0.282552 0.525463 0.0161458 0.0564815
0 0.516146 0.517593 0.0177083 0.0685185
0 0.252344 0.558333 0.0244792 0.0555556
0 0.227604 0.446296 0.0166667 0.0648148
0 0.658073 0.356019 0.0140625 0.0527778
0 0.503906 0.436111 0.0161458 0.0592593
0 0.404687 0.39213 0.0135417 0.0527778
0 0.98125 0.431944 0.0166667 0.062037
0 0.844792 0.409259 0.015625 0.0555556
0 0.338542 0.443519 0.0177083 0.0666667
0 0.756771 0.496759 0.01875 0.0657407
0 0.839323 0.527778 0.0234375 0.0685185
0 0.677604 0.333796 0.0104167 0.0546296
0 0.402344 0.581944 0.0223958 0.0712963
