0 0.788542 0.285185 0.0125 0.0555556
0 0.494792 0.297222 0.0104167 0.0425926
0 0.247656 0.442593 0.0161458 0.0574074
0 0.50026 0.358333 0.0182292 0.0462963
0 0.401563 0.388426 0.0114583 0.0453704
0 0.806771 0.508333 0.0145833 0.0685185
0 0.359375 0.430093 0.0197917 0.062037
0 0.553125 0.305093 0.0114583 0.0546296
0 0.535677 0.312037 0.0140625 0.0537037
0 0.617969 0.343056 0.0171875 0.0527778
0 0.48724 0.418981 0.0130208 0.0564815
0 0.81849 0.400463 0.0161458 0.0527778
0 0.282813 0.538889 0.01875 0.109259
0 0.490885 0.505556 0.0161458 0.062963
0 0.685938 0.337037 0.0114583 0.0574074
0 0.742708 0.488889 0.0197917 0.0592593
0 0.415885 0.546759 0.0223958 0.0694444
