0 0.794271 0.287963 0.0125 0.0518519
0 0.411458 0.392593 0.0104167 0.0537037
0 0.301042 0.505556 0.01875 0.0648148
0 0.270833 0.439352 0.0177083 0.062037
0 0.697396 0.34537 0.0114583 0.0555556
0 0.410937 0.55787 0.015625 0.0675926
0 0.494531 0.505556 0.0151042 0.062963
0 0.326562 0.541667 0.021875 0.062963
0 0.797917 0.502315 0.0145833 0.0657407
0 0.392448 0.426852 0.0119792 0.0685185
0 0.561979 0.313889 0.015625 0.0574074
0 0.492708 0.424537 0.0145833 0.0564815
0 0.602604 0.326852 0.0125 0.0555556
0 0.742708 0.49213 0.0208333 0.0657407
0 0.829427 0.402778 0.0140625 0.0555556
