0 0.583073 0.375 0.0130208 0.05
0 0.650781 0.309722 0.0223958 0.0638889
0 0.68125 0.318981 0.0135417 0.0527778
0 0.484375 0.390741 0.0166667 0.0537037
0 0.270312 0.623148 0.0177083 0.0462963
0 0.93151 0.393056 0.0109375 0.0509259
0 0.399479 0.450463 0.0177083 0.0601852
0 0.597656 0.428704 0.0151042 0.0592593
0 0.184635 0.455556 0.0140625 0.0666667
0 0.948958 0.543981 0.0208333 0.0712963
0 0.38776 0.550463 0.0203125 0.0583333
0 0.445052 0.558333 0.0213542 0.062963
0 0.610937 0.531018 0.0197917 0.0675926
0 0.846354 0.489352 0.0208333 0.062037
