0 0.901042 0.310648 0.0135417 0.0564815
0 0.680729 0.333333 0.0197917 0.0685185
0 0.546875 0.354167 0.0145833 0.0787037
0 0.447656 0.409722 0.0109375 0.0564815
0 0.955469 0.439352 0.0161458 0.0564815
0 0.645052 0.331944 0.0130208 0.0583333
0 0.557292 0.456481 0.0135417 0.0648148
0 0.428646 0.513426 0.0177083 0.0675926
0 0.490885 0.452315 0.0192708 0.0712963
0 0.802604 0.376852 0.0177083 0.0592593
0 0.392969 0.516667 0.0151042 0.0685185
0 0.916146 0.537963 0.0166667 0.0740741
0 0.567708 0.544907 0.0166667 0.0712963
0 0.821354 0.515741 0.0177083 0.0722222
0 0.484635 0.581481 0.0182292 0.0796296
