0 0.816406 0.288889 0.0119792 0.0537037
0 0.58151 0.309722 0.0130208 0.0546296
0 0.26849 0.437037 0.0182292 0.0574074
0 0.671094 0.348611 0.0171875 0.0546296
0 0.427604 0.381944 0.0145833 0.0527778
0 0.519271 0.420833 0.0166667 0.0564815
0 0.707031 0.331944 0.0119792 0.0564815
0 0.374479 0.426389 0.015625 0.0657407
0 0.860156 0.397685 0.0130208 0.0583333
0 0.849479 0.50463 0.01875 0.0703704
0 0.778906 0.484722 0.0182292 0.0657407
0 0.533073 0.507407 0.0182292 0.0666667
0 0.309115 0.534259 0.0276042 0.112963
0 0.459635 0.551389 0.0192708 0.075
