0 0.660156 0.290278 0.0109375 0.0453704
0 0.330729 0.631481 0.0135417 0.0351852
0 0.957292 0.381019 0.0135417 0.0527778
0 0.694792 0.31713 0.0145833 0.0527778
0 0.649219 0.426852 0.0203125 0.0518519
0 0.53151 0.390741 0.0161458 0.0537037
0 0.216927 0.444907 0.0182292 0.0675926
0 0.445052 0.550926 0.0182292 0.0611111
0 0.623438 0.383796 0.0125 0.0527778
0 0.471615 0.570833 0.0171875 0.0675926
0 0.9 0.488426 0.0177083 0.062037
0 0.985417 0.547685 0.0177083 0.0675926
0 0.461719 0.447685 0.0203125 0.0657407
0 0.654427 0.53287 0.0192708 0.0657407
