0 0.502083 0.352778 0.0145833 0.0444444
0 0.597656 0.324074 0.0192708 0.0611111
0 0.518229 0.320833 0.0114583 0.0435185
0 0.828906 0.297222 0.0130208 0.0481481
0 0.627083 0.326389 0.0135417 0.0527778
0 0.435937 0.430556 0.0208333 0.0777778
0 0.51901 0.436574 0.0140625 0.0546296
0 0.341667 0.511111 0.0166667 0.062963
0 0.523698 0.51713 0.0140625 0.0675926
0 0.439323 0.57037 0.0171875 0.0703704
0 0.861198 0.415741 0.0151042 0.0537037
0 0.728906 0.355093 0.0119792 0.0583333
0 0.366927 0.533796 0.0182292 0.0675926
0 0.763281 0.503704 0.0182292 0.062963
0 0.83099 0.51713 0.0171875 0.075
