0 0.692969 0.336111 0.0161458 0.0685185
0 0.438021 0.412963 0.0145833 0.0574074
0 0.549219 0.358796 0.0161458 0.0787037
0 0.685938 0.348148 0.0177083 0.0592593
0 0.919531 0.316204 0.0140625 0.0546296
0 0.502865 0.450926 0.0161458 0.0685185
0 0.365365 0.431944 0.0140625 0.0694444
0 0.56224 0.464352 0.0161458 0.0657407
0 0.821615 0.383333 0.0109375 0.0555556
0 0.401823 0.517593 0.0171875 0.0685185
0 0.659375 0.334259 0.0125 0.0648148
0 0.452865 0.497222 0.0171875 0.0685185
0 0.972396 0.444907 0.015625 0.0657407
0 0.928906 0.539815 0.0119792 0.0759259
0 0.559375 0.551852 0.0166667 0.0777778
0 0.833854 0.516667 0.0166667 0.0722222
0 0.497656 0.577778 0.0192708 0.0722222
