0 0.923177 0.313426 0.0119792 0.0509259
0 0.310937 0.63287 0.0114583 0.0342593
0 0.678385 0.31713 0.0161458 0.0527778
0 0.60625 0.383796 0.0125 0.0546296
0 0.200781 0.443519 0.0161458 0.0648148
0 0.967969 0.544907 0.0171875 0.0694444
0 0.515104 0.389352 0.0177083 0.0527778
0 0.428125 0.55 0.0197917 0.0611111
0 0.633073 0.425926 0.0192708 0.0537037
0 0.454167 0.568981 0.0177083 0.0675926
0 0.941146 0.380556 0.0125 0.0537037
0 0.445573 0.447685 0.0203125 0.0638889
0 0.882812 0.488426 0.0197917 0.062037
0 0.636979 0.531944 0.01875 0.0657407
