0 0.559635 0.364352 0.0161458 0.0472222
0 0.836719 0.286574 0.0119792 0.0546296
0 0.602604 0.308796 0.0125 0.0527778
0 0.449479 0.380556 0.0145833 0.05
0 0.691927 0.346759 0.0161458 0.0527778
0 0.291927 0.434722 0.0182292 0.0583333
0 0.728646 0.330556 0.009375 0.0537037
0 0.882552 0.398611 0.0109375 0.0546296
0 0.540885 0.418981 0.0171875 0.0564815
0 0.557031 0.506944 0.0171875 0.0657407
0 0.872656 0.505093 0.0161458 0.0675926
0 0.398438 0.426389 0.0145833 0.0675926
0 0.333854 0.532407 0.0260417 0.112963
0 0.801562 0.484722 0.0166667 0.0657407
0 0.484375 0.549537 0.0177083 0.0731481
