0 0.954427 0.314815 0.0151042 0.0518519
0 0.233594 0.443056 0.0171875 0.0657407
0 0.346615 0.631481 0.0140625 0.037037
0 0.708594 0.316667 0.0151042 0.0537037
0 0.664583 0.429167 0.0208333 0.0509259
0 0.488021 0.568519 0.015625 0.0722222
0 0.546094 0.390741 0.0171875 0.0537037
0 0.461719 0.55 0.0161458 0.0611111
0 0.6375 0.384722 0.0125 0.0509259
0 0.972917 0.383796 0.0114583 0.0509259
0 0.915104 0.489352 0.0166667 0.0601852
0 0.476823 0.447685 0.0192708 0.062037
0 0.670052 0.531944 0.0192708 0.0712963
