0 0.520312 0.293519 0.0104167 0.0425926
0 0.811198 0.286574 0.0119792 0.0527778
38 0.302083 0.534722 0.025 0.10463
0 0.533073 0.365741 0.0171875 0.0462963
0 0.261458 0.438426 0.0166667 0.0546296
0 0.420573 0.381019 0.0140625 0.0527778
0 0.576823 0.30787 0.0130208 0.0546296
0 0.525781 0.508333 0.0192708 0.0648148
0 0.36901 0.426852 0.0161458 0.0648148
0 0.702344 0.332407 0.00989583 0.0555556
0 0.665365 0.347222 0.0151042 0.0537037
0 0.513542 0.420833 0.0135417 0.0583333
0 0.842969 0.504167 0.0171875 0.0712963
0 0.303646 0.532407 0.025 0.114815
0 0.772135 0.486111 0.0182292 0.0685185
0 0.855208 0.398611 0.0125 0.0564815
0 0.454167 0.551852 0.0197917 0.0740741
