0 0.309635 0.63287 0.0130208 0.037963
0 0.677604 0.316667 0.015625 0.0537037
0 0.513802 0.389815 0.0171875 0.0518519
0 0.198698 0.444444 0.0151042 0.0648148
0 0.604427 0.384259 0.0119792 0.0537037
0 0.452344 0.57037 0.0151042 0.0703704
0 0.631771 0.425 0.01875 0.0518519
0 0.426562 0.550463 0.0197917 0.062037
0 0.965625 0.54537 0.0166667 0.0722222
0 0.940104 0.381019 0.0114583 0.0527778
0 0.44375 0.447685 0.0197917 0.0638889
0 0.880729 0.488426 0.0197917 0.062037
0 0.635417 0.532407 0.01875 0.0666667
