0 0.864323 0.310648 0.0151042 0.0509259
0 0.409375 0.410185 0.009375 0.0537037
0 0.645573 0.335648 0.0192708 0.0712963
0 0.510677 0.356481 0.0161458 0.0722222
0 0.459635 0.452315 0.0171875 0.0694444
0 0.3625 0.517593 0.0166667 0.0666667
0 0.769531 0.37963 0.0130208 0.0537037
0 0.522396 0.462037 0.0114583 0.062963
0 0.917448 0.438426 0.0140625 0.0564815
0 0.613802 0.333796 0.0109375 0.0564815
0 0.454167 0.578704 0.0166667 0.0703704
0 0.404167 0.508333 0.0166667 0.0666667
0 0.528125 0.542593 0.015625 0.0685185
0 0.876823 0.533796 0.0151042 0.0694444
0 0.784635 0.513426 0.0182292 0.0694444
