0 0.80625 0.287037 0.0135417 0.0537037
0 0.257292 0.438889 0.0166667 0.0537037
0 0.571354 0.310185 0.0125 0.0537037
0 0.528125 0.365741 0.0145833 0.0462963
0 0.416927 0.381481 0.0130208 0.0537037
0 0.660677 0.348611 0.0171875 0.0564815
0 0.364062 0.425926 0.0135417 0.062963
0 0.508073 0.42037 0.0161458 0.0592593
0 0.297656 0.53287 0.0276042 0.106481
0 0.838542 0.50463 0.0145833 0.0685185
0 0.697135 0.331481 0.0109375 0.0592593
0 0.850781 0.398611 0.0109375 0.0564815
0 0.768229 0.486111 0.015625 0.0666667
0 0.447656 0.551852 0.0213542 0.0722222
0 0.520833 0.50787 0.01875 0.0657407
