0 0.567187 0.316667 0.0114583 0.0481481
0 0.46875 0.433796 0.015625 0.0824074
0 0.341146 0.448611 0.01875 0.0657407
0 0.571094 0.517593 0.0151042 0.0666667
0 0.400781 0.546296 0.0171875 0.0722222
0 0.676823 0.330556 0.0130208 0.0555556
0 0.639063 0.323611 0.0145833 0.0638889
0 0.566667 0.435185 0.0145833 0.0592593
0 0.882812 0.522685 0.0166667 0.0675926
0 0.373698 0.512963 0.0171875 0.0648148
0 0.878125 0.295833 0.0125 0.0527778
0 0.916667 0.419907 0.0166667 0.0583333
0 0.483073 0.575926 0.0171875 0.0722222
0 0.824219 0.509722 0.0223958 0.0638889
0 0.777604 0.356481 0.0114583 0.0555556
