0 0.638802 0.333333 0.0192708 0.0648148
0 0.854167 0.309259 0.0145833 0.0518519
0 0.409635 0.410648 0.0109375 0.0546296
0 0.908073 0.435648 0.0140625 0.0564815
0 0.357031 0.516667 0.0140625 0.062963
0 0.507812 0.355093 0.0145833 0.0805556
0 0.392969 0.515278 0.0171875 0.0657407
0 0.453385 0.452315 0.0171875 0.0694444
0 0.757552 0.375 0.0161458 0.0555556
0 0.604688 0.334259 0.0114583 0.0555556
0 0.51849 0.456944 0.0130208 0.062037
0 0.869531 0.531482 0.0161458 0.0685185
0 0.527865 0.543519 0.0151042 0.0666667
0 0.776302 0.513426 0.0182292 0.0694444
0 0.447396 0.579167 0.0166667 0.0712963
