0 0.526563 0.318519 0.0125 0.0574074
0 0.994531 0.431019 0.0109375 0.0583333
0 0.229948 0.456019 0.0130208 0.0583333
0 0.546094 0.314352 0.0140625 0.0546296
0 0.26875 0.519444 0.0166667 0.0648148
0 0.497135 0.369444 0.0151042 0.05
0 0.264844 0.573611 0.0203125 0.0657407
0 0.61849 0.355556 0.0213542 0.05
0 0.680729 0.343519 0.0114583 0.0537037
0 0.477344 0.427778 0.0119792 0.0555556
0 0.80599 0.516667 0.0161458 0.0685185
0 0.391146 0.399074 0.0114583 0.0462963
0 0.817708 0.412037 0.015625 0.0518519
0 0.485417 0.514352 0.015625 0.062037
0 0.345313 0.438889 0.01875 0.0666667
0 0.407552 0.556944 0.0171875 0.0657407
0 0.740885 0.49537 0.0119792 0.0648148
