0 0.328646 0.63287 0.0145833 0.037963
0 0.69375 0.317593 0.015625 0.0518519
0 0.956771 0.380556 0.0135417 0.0518519
0 0.648438 0.428241 0.0197917 0.0509259
0 0.444271 0.550926 0.01875 0.0611111
0 0.215885 0.443981 0.0171875 0.0675926
0 0.530208 0.389352 0.0166667 0.0527778
0 0.621875 0.383796 0.0125 0.0527778
0 0.470833 0.569444 0.015625 0.0666667
0 0.983594 0.547222 0.0192708 0.0703704
0 0.460156 0.448611 0.0203125 0.0638889
0 0.898177 0.488889 0.0182292 0.062963
0 0.653906 0.531944 0.0203125 0.0675926
