0 0.558073 0.313426 0.0171875 0.0601852
0 0.407552 0.389815 0.0109375 0.0537037
0 0.490104 0.425 0.0125 0.0537037
0 0.692969 0.343519 0.0130208 0.0574074
0 0.29401 0.50787 0.0223958 0.0638889
0 0.6 0.329167 0.0145833 0.0564815
0 0.790885 0.288426 0.0119792 0.0527778
0 0.264844 0.441667 0.0151042 0.0648148
0 0.795833 0.499537 0.0145833 0.0657407
0 0.492448 0.506481 0.0130208 0.0648148
0 0.82474 0.403241 0.0151042 0.0564815
0 0.740365 0.491204 0.0171875 0.0601852
0 0.320312 0.545833 0.021875 0.062037
0 0.38724 0.426852 0.0119792 0.0703704
0 0.408333 0.553704 0.0177083 0.0685185
