0 0.896094 0.315741 0.0161458 0.05
0 0.651563 0.310648 0.021875 0.0583333
0 0.583333 0.375 0.0125 0.0518519
0 0.679167 0.318981 0.015625 0.0527778
0 0.93125 0.393519 0.0114583 0.0518519
0 0.184375 0.455093 0.0145833 0.0675926
0 0.485156 0.390278 0.0182292 0.0546296
0 0.270833 0.623611 0.01875 0.0453704
0 0.598177 0.430556 0.0151042 0.0592593
0 0.400521 0.45 0.015625 0.062963
0 0.949479 0.542593 0.0197917 0.0703704
0 0.388802 0.550463 0.0192708 0.0601852
0 0.444792 0.558333 0.0208333 0.062963
0 0.610937 0.531018 0.0197917 0.0675926
0 0.846875 0.490278 0.0197917 0.062037
