0 0.522656 0.344907 0.0192708 0.0657407
0 0.851823 0.298148 0.0109375 0.0481481
0 0.647656 0.328241 0.0119792 0.0546296
0 0.436719 0.406481 0.0130208 0.0537037
0 0.538021 0.529167 0.0166667 0.0694444
0 0.53125 0.441204 0.0145833 0.0564815
0 0.890104 0.423148 0.0145833 0.0592593
0 0.360417 0.512963 0.0166667 0.0666667
0 0.858073 0.526389 0.0182292 0.0712963
0 0.751823 0.363889 0.0109375 0.0611111
0 0.457292 0.446296 0.0166667 0.062963
0 0.384635 0.528241 0.0171875 0.0712963
0 0.78125 0.508796 0.0166667 0.0638889
0 0.455729 0.574074 0.0166667 0.0740741
