0 0.522135 0.367593 0.0161458 0.0444444
0 0.801042 0.287037 0.0125 0.05
0 0.566146 0.308796 0.0125 0.0546296
0 0.25026 0.4375 0.0151042 0.0564815
0 0.653385 0.346759 0.0161458 0.0546296
0 0.411198 0.382407 0.0151042 0.0537037
0 0.501823 0.420833 0.0140625 0.0564815
0 0.358333 0.427315 0.015625 0.0675926
0 0.291146 0.538426 0.0229167 0.108333
0 0.513542 0.507407 0.0166667 0.0648148
0 0.832031 0.506019 0.0151042 0.0675926
0 0.844531 0.399537 0.0130208 0.0564815
0 0.692708 0.333333 0.0114583 0.0592593
0 0.761719 0.486574 0.0182292 0.0694444
0 0.441927 0.550926 0.0213542 0.0740741
