0 0.479948 0.460648 0.0151042 0.112037
0 0.47474 0.357407 0.0130208 0.0444444
0 0.550781 0.320833 0.0161458 0.0564815
0 0.255208 0.449537 0.01875 0.062037
0 0.786979 0.294907 0.0114583 0.0527778
0 0.78776 0.516204 0.0171875 0.0712963
0 0.395052 0.569907 0.0182292 0.0675926
0 0.284635 0.516667 0.0161458 0.0592593
0 0.482031 0.514815 0.0140625 0.0592593
0 0.591406 0.334259 0.0140625 0.0555556
0 0.397917 0.400463 0.0114583 0.0509259
0 0.68724 0.353704 0.0130208 0.0555556
0 0.480469 0.435185 0.0151042 0.0574074
0 0.820833 0.412963 0.0166667 0.0574074
0 0.732813 0.503241 0.01875 0.0638889
0 0.377604 0.436574 0.0125 0.0694444
0 0.309635 0.554167 0.0203125 0.0694444
