0 0.676823 0.32963 0.0203125 0.0666667
0 0.446875 0.413889 0.0125 0.0611111
0 0.895052 0.310185 0.0130208 0.0592593
0 0.48724 0.450926 0.0182292 0.0685185
0 0.948177 0.437963 0.0171875 0.0574074
0 0.544792 0.351389 0.0145833 0.0768519
0 0.640625 0.331019 0.0125 0.0583333
0 0.422656 0.516204 0.0182292 0.0638889
0 0.795313 0.376389 0.0177083 0.0601852
0 0.554167 0.456019 0.0114583 0.0638889
0 0.389323 0.516667 0.0151042 0.0648148
0 0.907812 0.536111 0.0145833 0.0722222
0 0.816927 0.515741 0.0161458 0.0685185
0 0.566927 0.541204 0.0140625 0.0712963
0 0.48125 0.580093 0.0177083 0.0731481
