0 0.53099 0.290278 0.00989583 0.0435185
0 0.858073 0.309259 0.0140625 0.0481481
0 0.383594 0.43287 0.0234375 0.0527778
0 0.632552 0.309259 0.0119792 0.0537037
0 0.479167 0.378241 0.0125 0.0490741
0 0.579167 0.421759 0.0145833 0.0564815
0 0.922656 0.405093 0.0182292 0.0564815
0 0.26224 0.440278 0.0161458 0.0657407
0 0.471094 0.546296 0.0203125 0.0666667
0 0.814583 0.484722 0.0197917 0.0601852
0 0.359375 0.504167 0.0135417 0.062037
0 0.598177 0.512037 0.0192708 0.0666667
0 0.710417 0.330093 0.0125 0.0824074
0 0.935156 0.52963 0.0182292 0.0666667
0 0.284896 0.558796 0.0302083 0.062037
