0 0.522135 0.314352 0.0119792 0.0509259
0 0.81875 0.306481 0.0125 0.0574074
0 0.995313 0.431481 0.009375 0.062963
0 0.532292 0.377778 0.0177083 0.0481481
0 0.576042 0.328241 0.0114583 0.0546296
0 0.225781 0.446759 0.0182292 0.0638889
0 0.678646 0.331944 0.0104167 0.0564815
0 0.854948 0.415741 0.0140625 0.0518519
0 0.526823 0.523148 0.0161458 0.0666667
0 0.514844 0.435185 0.0119792 0.0611111
0 0.290365 0.523148 0.0140625 0.0518519
0 0.414323 0.392593 0.00989583 0.0555556
0 0.239323 0.558796 0.0203125 0.0638889
0 0.660156 0.352778 0.0119792 0.0574074
0 0.761198 0.495833 0.0171875 0.0657407
0 0.404427 0.57963 0.0171875 0.0685185
0 0.342708 0.444907 0.0166667 0.0601852
0 0.854167 0.531944 0.01875 0.0675926
