0 0.684375 0.346759 0.01875 0.0583333
0 0.691406 0.335185 0.0171875 0.0703704
0 0.436198 0.410648 0.0140625 0.0546296
0 0.547656 0.35787 0.0171875 0.0787037
0 0.364062 0.431481 0.0166667 0.0648148
0 0.500781 0.450926 0.0171875 0.0685185
0 0.560156 0.465278 0.0140625 0.0657407
0 0.819792 0.384259 0.0125 0.0574074
0 0.970573 0.444907 0.0151042 0.0657407
0 0.452083 0.498148 0.0166667 0.0703704
0 0.658333 0.334259 0.0145833 0.062963
0 0.4 0.51713 0.0166667 0.0694444
0 0.916927 0.315278 0.0140625 0.0564815
0 0.557813 0.552315 0.0166667 0.0768519
0 0.927344 0.539352 0.0130208 0.075
0 0.496615 0.577778 0.0192708 0.0722222
0 0.832812 0.516204 0.0197917 0.0712963
