0 0.993229 0.419907 0.0135417 0.0657407
0 0.50651 0.362037 0.0140625 0.0425926
0 0.554688 0.306944 0.0125 0.0509259
0 0.401823 0.388426 0.0119792 0.0472222
0 0.24349 0.444907 0.0161458 0.0601852
0 0.789323 0.287037 0.0119792 0.0537037
0 0.282292 0.50787 0.0166667 0.0694444
0 0.627865 0.345833 0.0223958 0.0527778
0 0.422396 0.543056 0.0197917 0.0638889
0 0.278906 0.559722 0.0203125 0.0638889
0 0.488281 0.419907 0.0130208 0.0564815
0 0.355469 0.427315 0.0151042 0.0657407
0 0.824219 0.399074 0.0130208 0.0518519
0 0.686198 0.334722 0.0119792 0.0546296
0 0.814323 0.507407 0.0203125 0.0648148
0 0.748177 0.485185 0.0151042 0.0648148
0 0.496094 0.506944 0.0171875 0.0657407
