0 0.539844 0.309259 0.0151042 0.0518519
0 0.552604 0.305093 0.0125 0.0564815
0 0.786198 0.288426 0.0119792 0.0527778
0 0.401563 0.387037 0.0114583 0.05
0 0.605469 0.336574 0.0182292 0.0509259
0 0.250781 0.443519 0.0140625 0.0555556
0 0.289323 0.543519 0.0255208 0.0851852
0 0.485677 0.421759 0.0151042 0.0546296
0 0.799219 0.502315 0.0182292 0.0694444
0 0.366927 0.427778 0.0151042 0.062963
0 0.488542 0.503704 0.01875 0.0666667
0 0.407292 0.54537 0.01875 0.0703704
0 0.738281 0.488889 0.0203125 0.0574074
0 0.686198 0.337963 0.00989583 0.0537037
0 0.815104 0.4 0.0114583 0.0574074
