0 0.520052 0.31713 0.0130208 0.0546296
0 0.989583 0.433796 0.01875 0.0601852
0 0.549479 0.316667 0.0135417 0.0518519
0 0.491146 0.303241 0.0125 0.0453704
0 0.228906 0.449537 0.0151042 0.0564815
0 0.26849 0.554167 0.0234375 0.10463
0 0.263802 0.57037 0.0161458 0.0740741
0 0.502344 0.371296 0.0140625 0.05
0 0.632031 0.35463 0.0161458 0.0574074
0 0.678646 0.344444 0.0114583 0.0537037
0 0.481771 0.42963 0.0135417 0.0537037
0 0.391406 0.393519 0.0109375 0.05
0 0.827604 0.411111 0.0125 0.0537037
0 0.41901 0.564815 0.0223958 0.0703704
0 0.338802 0.438426 0.0151042 0.0675926
0 0.492969 0.514815 0.0171875 0.0648148
0 0.746354 0.494907 0.015625 0.0657407
0 0.814844 0.518981 0.0130208 0.0694444
