0 0.539323 0.313889 0.0109375 0.0425926
0 0.576823 0.373611 0.0119792 0.0583333
0 0.475781 0.390741 0.0109375 0.0481481
0 0.377344 0.548148 0.0265625 0.0574074
0 0.691146 0.323148 0.0114583 0.0555556
0 0.588802 0.436574 0.0234375 0.062037
0 0.948438 0.545833 0.0208333 0.0694444
0 0.258333 0.621759 0.0177083 0.0527778
0 0.93151 0.399074 0.0140625 0.0555556
0 0.385677 0.443519 0.0171875 0.0592593
0 0.603906 0.530093 0.0203125 0.0657407
0 0.444792 0.55 0.021875 0.0666667
0 0.83776 0.490741 0.0213542 0.0648148
