0 0.684375 0.347222 0.01875 0.0574074
0 0.691146 0.335185 0.0177083 0.0703704
0 0.436198 0.410648 0.0140625 0.0546296
0 0.547656 0.35787 0.0171875 0.0787037
0 0.363802 0.430556 0.0171875 0.0648148
0 0.50026 0.451389 0.0171875 0.0675926
0 0.559896 0.465278 0.0135417 0.0657407
0 0.970052 0.444907 0.0151042 0.0657407
0 0.819792 0.383796 0.0125 0.0564815
0 0.451823 0.498148 0.0171875 0.0703704
0 0.658333 0.334259 0.0145833 0.0648148
0 0.39974 0.51713 0.0161458 0.0712963
0 0.916667 0.315741 0.0135417 0.0555556
0 0.557292 0.552315 0.0166667 0.0768519
0 0.926823 0.539352 0.0130208 0.0731481
0 0.496354 0.577778 0.01875 0.0722222
0 0.833073 0.516204 0.0203125 0.0712963
