0 0.694531 0.33287 0.0182292 0.0712963
0 0.686719 0.346296 0.0182292 0.0592593
0 0.552344 0.368981 0.0171875 0.0675926
0 0.921354 0.315278 0.0145833 0.0564815
0 0.439063 0.412963 0.0145833 0.0574074
0 0.366406 0.431019 0.0161458 0.0694444
0 0.564062 0.464352 0.0135417 0.0638889
0 0.835417 0.517593 0.0177083 0.0740741
0 0.503906 0.451389 0.0171875 0.0712963
0 0.403125 0.518056 0.0166667 0.0694444
0 0.660677 0.334722 0.0140625 0.0657407
0 0.973958 0.445833 0.0166667 0.0657407
0 0.823177 0.383333 0.0109375 0.0574074
0 0.560417 0.551852 0.0177083 0.0814815
0 0.930729 0.541204 0.0135417 0.0768519
0 0.454167 0.494444 0.0177083 0.0703704
0 0.498698 0.578704 0.0182292 0.0759259
