0 0.522135 0.325926 0.0119792 0.0574074
0 0.432813 0.402315 0.0125 0.0490741
0 0.527604 0.52037 0.0125 0.0611111
0 0.632292 0.326389 0.0125 0.0527778
0 0.835938 0.296759 0.0104167 0.0472222
0 0.348958 0.512963 0.0177083 0.0611111
0 0.522396 0.440278 0.0145833 0.062037
0 0.445052 0.443519 0.0182292 0.062963
0 0.734635 0.358333 0.0109375 0.0592593
0 0.86875 0.418056 0.015625 0.0546296
0 0.838802 0.52037 0.0203125 0.0722222
0 0.372396 0.532407 0.0177083 0.0703704
0 0.767187 0.506019 0.01875 0.0638889
0 0.442708 0.572222 0.0197917 0.0722222
