0 0.684896 0.346759 0.0197917 0.0583333
0 0.361719 0.437037 0.0171875 0.0555556
0 0.690365 0.334722 0.0203125 0.075
0 0.439323 0.409259 0.0109375 0.05
0 0.817969 0.383796 0.0119792 0.0564815
0 0.96901 0.445833 0.0161458 0.062037
0 0.547917 0.357407 0.0166667 0.0777778
0 0.498958 0.450926 0.0177083 0.0666667
0 0.560156 0.464815 0.0130208 0.062963
0 0.915365 0.315741 0.0140625 0.0537037
0 0.560156 0.549074 0.0151042 0.0777778
0 0.447135 0.506481 0.0161458 0.0685185
0 0.656771 0.333796 0.0135417 0.062037
0 0.398958 0.517593 0.0166667 0.0722222
0 0.926042 0.538889 0.0145833 0.0740741
0 0.829948 0.516204 0.0171875 0.0731481
0 0.495052 0.57963 0.0182292 0.0703704
