0 0.552604 0.307407 0.0145833 0.0592593
0 0.540625 0.3125 0.0135417 0.0564815
0 0.784635 0.287963 0.0119792 0.0537037
0 0.284115 0.506944 0.0192708 0.0657407
0 0.401042 0.384722 0.0114583 0.0453704
0 0.602083 0.334722 0.01875 0.0546296
0 0.370313 0.424537 0.0135417 0.0638889
0 0.297135 0.546296 0.0234375 0.0685185
0 0.484896 0.422685 0.0125 0.0564815
0 0.486198 0.50463 0.0161458 0.0685185
0 0.252344 0.443981 0.0140625 0.0583333
0 0.795313 0.499537 0.0135417 0.0712963
0 0.736719 0.4875 0.0182292 0.0583333
0 0.685938 0.338426 0.0104167 0.0527778
0 0.815104 0.4 0.0125 0.0574074
0 0.407031 0.545833 0.0213542 0.0731481
