0 0.58099 0.309722 0.0130208 0.0546296
0 0.426562 0.381944 0.0135417 0.0527778
0 0.670573 0.348611 0.0171875 0.0527778
0 0.266667 0.436574 0.01875 0.0583333
0 0.707031 0.331944 0.0119792 0.0564815
0 0.518229 0.420833 0.015625 0.0564815
0 0.859375 0.398611 0.0125 0.0564815
0 0.373437 0.426852 0.0135417 0.0648148
0 0.778125 0.484722 0.0177083 0.0657407
0 0.848958 0.504167 0.0177083 0.0694444
0 0.532292 0.507407 0.0177083 0.0666667
0 0.308594 0.533796 0.0265625 0.115741
0 0.458854 0.551389 0.01875 0.075
