0 0.50026 0.350926 0.0140625 0.0425926
0 0.514063 0.317593 0.0104167 0.0444444
0 0.820833 0.293519 0.0135417 0.05
0 0.590625 0.322685 0.0177083 0.0583333
0 0.620573 0.326389 0.0140625 0.0509259
0 0.514583 0.433796 0.0125 0.0564815
0 0.519271 0.514815 0.0177083 0.0648148
0 0.428646 0.422685 0.0166667 0.0972222
0 0.336198 0.507407 0.0151042 0.0666667
0 0.855208 0.413426 0.0166667 0.0527778
0 0.722396 0.351852 0.0104167 0.0574074
0 0.433073 0.568519 0.0171875 0.0722222
0 0.758854 0.499537 0.0145833 0.062037
0 0.824219 0.513889 0.0161458 0.0685185
0 0.360677 0.534259 0.0182292 0.0722222
