0 0.522396 0.3125 0.0125 0.0509259
0 0.820573 0.306019 0.0119792 0.0601852
0 0.520573 0.435185 0.0192708 0.0574074
0 0.223698 0.447222 0.0151042 0.062963
0 0.581771 0.326852 0.0135417 0.0537037
0 0.420573 0.391667 0.0119792 0.0555556
0 0.5375 0.375463 0.0125 0.0509259
0 0.864062 0.414815 0.0177083 0.0574074
0 0.536458 0.524074 0.0229167 0.0703704
0 0.291667 0.523148 0.015625 0.0518519
0 0.679427 0.327778 0.0109375 0.0555556
0 0.229687 0.563889 0.0291667 0.062963
0 0.345573 0.44537 0.0171875 0.062963
0 0.6625 0.355093 0.0135417 0.0564815
0 0.861458 0.531018 0.01875 0.0675926
0 0.406771 0.575 0.0177083 0.0703704
0 0.764323 0.493056 0.0119792 0.0675926
