0 0.916927 0.313889 0.0171875 0.0537037
0 0.670833 0.317593 0.015625 0.0537037
0 0.62474 0.426389 0.0192708 0.0509259
0 0.933073 0.380093 0.0130208 0.0546296
0 0.507292 0.389815 0.015625 0.0537037
0 0.599479 0.384259 0.0125 0.0518519
0 0.958594 0.547222 0.0203125 0.0722222
0 0.445312 0.57037 0.0166667 0.0685185
0 0.191406 0.445833 0.0171875 0.0657407
0 0.41901 0.551852 0.0182292 0.0611111
0 0.873438 0.488889 0.01875 0.062963
0 0.436719 0.447222 0.0213542 0.0666667
0 0.628906 0.53287 0.0192708 0.0657407
