0 0.846354 0.287037 0.0135417 0.0537037
0 0.568229 0.362037 0.0166667 0.0444444
0 0.61224 0.306481 0.0140625 0.0537037
0 0.340625 0.548611 0.0177083 0.0768519
0 0.70026 0.346759 0.0182292 0.0546296
0 0.458594 0.37963 0.0130208 0.05
0 0.30026 0.435648 0.0161458 0.0583333
0 0.344792 0.528704 0.0208333 0.112963
0 0.549479 0.418981 0.0145833 0.0546296
0 0.882031 0.506481 0.0151042 0.0685185
0 0.563802 0.506019 0.0161458 0.0638889
0 0.408333 0.425463 0.0145833 0.0675926
0 0.739583 0.331944 0.009375 0.0564815
0 0.890885 0.399537 0.0119792 0.0564815
0 0.492448 0.548611 0.0234375 0.0694444
0 0.811719 0.486111 0.0182292 0.0666667
