0 0.298177 0.630556 0.0119792 0.0333333
0 0.668229 0.31713 0.0177083 0.0527778
0 0.189063 0.444444 0.01875 0.0685185
0 0.595312 0.382407 0.0135417 0.0537037
0 0.44401 0.568056 0.0182292 0.0675926
0 0.957031 0.546296 0.0161458 0.0722222
0 0.503906 0.388426 0.0161458 0.0546296
0 0.622135 0.428241 0.0203125 0.0527778
0 0.93151 0.380093 0.0140625 0.0546296
0 0.415625 0.550926 0.01875 0.0611111
0 0.871094 0.4875 0.0192708 0.062037
0 0.62526 0.532407 0.0171875 0.0666667
0 0.432813 0.448611 0.0197917 0.0675926
