0 0.541146 0.369907 0.0135417 0.0509259
0 0.492188 0.301852 0.0104167 0.0425926
0 0.538542 0.434722 0.0135417 0.0601852
0 0.594531 0.323611 0.0109375 0.0527778
0 0.438542 0.39213 0.0125 0.0564815
0 0.341146 0.446759 0.0197917 0.0546296
0 0.215885 0.452778 0.0161458 0.0648148
0 0.886458 0.416204 0.0177083 0.0583333
0 0.672917 0.340278 0.015625 0.0898148
0 0.777865 0.496296 0.0171875 0.0648148
0 0.426302 0.559259 0.0182292 0.0703704
0 0.896615 0.538426 0.0213542 0.0712963
0 0.310156 0.516204 0.0109375 0.0638889
0 0.554948 0.527315 0.0192708 0.0694444
0 0.229948 0.571759 0.0265625 0.0657407
