0 0.497656 0.356481 0.0171875 0.0444444
0 0.552604 0.304167 0.0114583 0.0546296
0 0.5375 0.311111 0.015625 0.0518519
0 0.402083 0.387037 0.0104167 0.0462963
0 0.248177 0.443056 0.0161458 0.0583333
0 0.611979 0.339815 0.01875 0.0537037
0 0.411458 0.547222 0.0166667 0.0703704
0 0.686458 0.337963 0.0125 0.0555556
0 0.285156 0.535648 0.0192708 0.10463
0 0.36224 0.427778 0.0192708 0.0611111
0 0.486719 0.42037 0.0130208 0.0555556
0 0.489844 0.503704 0.0161458 0.062963
0 0.740885 0.488889 0.0192708 0.0592593
0 0.816927 0.399537 0.0151042 0.0564815
0 0.804167 0.506019 0.0135417 0.0675926
