0 0.514844 0.352778 0.0161458 0.0462963
0 0.639323 0.326389 0.0140625 0.0527778
0 0.844531 0.296759 0.0109375 0.0490741
0 0.433594 0.402315 0.0109375 0.0472222
0 0.533333 0.524074 0.015625 0.0685185
0 0.353125 0.513889 0.0177083 0.0648148
0 0.527344 0.441204 0.0151042 0.0583333
0 0.878906 0.42037 0.0161458 0.0592593
0 0.452083 0.44537 0.015625 0.0592593
0 0.772917 0.509259 0.0177083 0.0648148
0 0.846875 0.522685 0.0208333 0.0731481
0 0.742448 0.360648 0.0130208 0.0583333
0 0.378646 0.530093 0.0177083 0.0657407
0 0.448177 0.573148 0.0171875 0.0740741
