0 0.560677 0.350926 0.0161458 0.0555556
0 0.629427 0.318056 0.0171875 0.0583333
0 0.871615 0.293981 0.0130208 0.0527778
0 0.563802 0.432407 0.0140625 0.0537037
0 0.332552 0.444907 0.0171875 0.0675926
0 0.907292 0.412963 0.0135417 0.0592593
0 0.453646 0.43287 0.0125 0.0712963
0 0.567708 0.515278 0.0145833 0.0657407
0 0.880729 0.51713 0.0197917 0.0694444
0 0.676562 0.336574 0.015625 0.0546296
0 0.477865 0.393519 0.00989583 0.05
0 0.770573 0.35 0.0119792 0.0611111
0 0.48151 0.564352 0.0213542 0.0712963
0 0.3625 0.511574 0.0177083 0.0638889
0 0.822396 0.50463 0.01875 0.0611111
0 0.385938 0.556944 0.0197917 0.0657407
