0 0.620052 0.319444 0.0140625 0.0462963
0 0.864583 0.325463 0.0145833 0.0416667
0 0.203385 0.456019 0.0151042 0.0638889
0 0.696875 0.338889 0.0135417 0.0555556
0 0.460938 0.39213 0.0166667 0.0527778
0 0.36276 0.440278 0.0171875 0.0583333
0 0.563802 0.436574 0.0223958 0.0564815
0 0.434896 0.540278 0.0197917 0.0546296
0 0.9375 0.544907 0.0197917 0.0712963
0 0.920052 0.411574 0.0171875 0.0546296
0 0.242188 0.608796 0.0166667 0.075
0 0.81224 0.493056 0.0182292 0.0583333
0 0.352604 0.538426 0.0229167 0.0601852
0 0.583333 0.528241 0.0270833 0.0675926
