0 0.70026 0.328241 0.0151042 0.0694444
0 0.695052 0.33287 0.0203125 0.0731481
0 0.551302 0.362037 0.0192708 0.0740741
0 0.923177 0.316204 0.0151042 0.0527778
0 0.367448 0.431481 0.0151042 0.0666667
0 0.440104 0.413426 0.015625 0.0564815
0 0.661719 0.335185 0.0130208 0.062963
0 0.505469 0.450463 0.0161458 0.0731481
0 0.403646 0.518981 0.015625 0.0675926
0 0.976042 0.445833 0.0135417 0.0638889
0 0.565365 0.463889 0.0151042 0.0666667
0 0.932292 0.540278 0.0135417 0.0768519
0 0.824219 0.383796 0.0119792 0.0583333
0 0.836198 0.518981 0.0192708 0.0731481
0 0.45599 0.497222 0.0192708 0.0666667
0 0.499479 0.578241 0.0177083 0.075
0 0.561979 0.553241 0.01875 0.0787037
