0 0.309635 0.63287 0.0130208 0.037963
0 0.677865 0.317593 0.0161458 0.0518519
0 0.605208 0.384259 0.0125 0.0537037
0 0.452865 0.569907 0.0161458 0.0694444
0 0.514063 0.388889 0.015625 0.0555556
0 0.198698 0.443519 0.0161458 0.0648148
0 0.966667 0.545833 0.0166667 0.0731481
0 0.426823 0.55 0.0192708 0.0611111
0 0.632552 0.425463 0.0182292 0.0546296
0 0.940365 0.381019 0.0119792 0.0546296
0 0.444271 0.447222 0.0197917 0.062963
0 0.88151 0.488426 0.0203125 0.0638889
0 0.635938 0.53287 0.01875 0.0657407
