0 0.27474 0.523148 0.0255208 0.0666667
0 0.783073 0.293981 0.0140625 0.0564815
0 0.241146 0.455556 0.0166667 0.062963
0 0.539844 0.318056 0.0203125 0.0583333
0 0.285417 0.558333 0.0270833 0.0648148
0 0.594271 0.344444 0.0166667 0.0537037
0 0.361719 0.437963 0.0140625 0.0666667
0 0.68151 0.348611 0.0109375 0.0546296
0 0.73125 0.5 0.0177083 0.0592593
0 0.479427 0.515741 0.0151042 0.0648148
0 0.8125 0.409722 0.0135417 0.0546296
0 0.477083 0.435185 0.0125 0.0555556
0 0.395312 0.562963 0.0229167 0.0685185
0 0.391927 0.398148 0.0119792 0.0518519
0 0.791146 0.5125 0.0135417 0.0694444
