0 0.992188 0.418519 0.015625 0.0592593
0 0.645052 0.346296 0.0171875 0.0555556
0 0.246354 0.439815 0.0166667 0.0574074
0 0.40625 0.381481 0.0135417 0.0518519
0 0.560677 0.308333 0.0119792 0.0555556
0 0.515625 0.364352 0.0166667 0.0509259
0 0.286198 0.535185 0.0286458 0.114815
0 0.836198 0.4 0.0140625 0.0574074
0 0.495313 0.420833 0.0145833 0.0564815
0 0.689062 0.333333 0.0104167 0.0555556
0 0.507031 0.507407 0.0161458 0.0685185
0 0.354688 0.425926 0.0135417 0.0611111
0 0.75651 0.485648 0.0161458 0.062037
0 0.823958 0.508333 0.0166667 0.0703704
0 0.435417 0.551389 0.0239583 0.0712963
