0 0.579948 0.37963 0.0203125 0.0648148
0 0.546615 0.303704 0.0151042 0.0574074
0 0.591927 0.43287 0.0192708 0.0546296
0 0.686719 0.319907 0.0130208 0.0546296
0 0.646875 0.310185 0.0145833 0.0592593
0 0.186719 0.456481 0.0151042 0.0648148
0 0.482292 0.390741 0.0166667 0.05
0 0.947656 0.547222 0.0223958 0.0685185
0 0.932552 0.393519 0.00989583 0.0537037
0 0.265365 0.622222 0.0171875 0.05
0 0.383333 0.549074 0.0291667 0.0611111
0 0.394792 0.445833 0.0208333 0.0657407
0 0.607031 0.530556 0.0161458 0.0666667
0 0.841146 0.489352 0.028125 0.0638889
0 0.446615 0.557407 0.0244792 0.0685185
