0 0.359375 0.515741 0.0197917 0.0666667
0 0.625781 0.313889 0.0161458 0.0574074
0 0.369792 0.537037 0.0270833 0.0981481
0 0.47526 0.392593 0.0119792 0.0444444
0 0.865625 0.29537 0.0135417 0.0537037
0 0.445312 0.431481 0.0145833 0.0685185
0 0.325781 0.445833 0.0151042 0.0601852
0 0.374219 0.553241 0.0213542 0.0675926
0 0.676823 0.340741 0.0151042 0.0537037
0 0.899479 0.409722 0.0145833 0.0583333
0 0.560677 0.428704 0.0140625 0.0555556
0 0.764583 0.34537 0.0114583 0.0555556
0 0.88151 0.513426 0.0140625 0.0694444
0 0.820052 0.500926 0.0161458 0.0574074
0 0.566146 0.512037 0.01875 0.0648148
0 0.483073 0.559722 0.0223958 0.0657407
