0 0.510156 0.353704 0.0130208 0.0444444
0 0.523177 0.327778 0.0119792 0.0611111
0 0.529167 0.520833 0.0135417 0.0638889
0 0.433073 0.402315 0.0130208 0.0490741
0 0.838802 0.297222 0.00885417 0.0462963
0 0.635677 0.327315 0.0140625 0.0527778
0 0.524479 0.440741 0.0145833 0.0611111
0 0.351302 0.516204 0.0182292 0.0638889
0 0.871615 0.418056 0.0151042 0.0564815
0 0.447135 0.444444 0.0171875 0.0592593
0 0.374219 0.530556 0.0171875 0.0666667
0 0.73724 0.359722 0.0140625 0.0583333
0 0.445312 0.572685 0.01875 0.0712963
0 0.840625 0.52037 0.021875 0.0722222
0 0.769271 0.505556 0.01875 0.062963
