0 0.508854 0.363426 0.015625 0.0453704
0 0.24401 0.443519 0.0171875 0.0592593
0 0.63151 0.346759 0.0182292 0.0546296
0 0.402083 0.388889 0.0114583 0.05
0 0.791146 0.288889 0.0135417 0.0555556
0 0.278906 0.561111 0.0192708 0.0592593
0 0.283854 0.506944 0.0166667 0.0675926
0 0.427344 0.546296 0.0234375 0.062963
0 0.354427 0.425926 0.0140625 0.0648148
0 0.498958 0.50787 0.0177083 0.0675926
0 0.686198 0.335648 0.0130208 0.0546296
0 0.489844 0.420833 0.0130208 0.0546296
0 0.828646 0.400926 0.0145833 0.0518519
0 0.749479 0.485185 0.0177083 0.062963
0 0.816667 0.508333 0.0166667 0.0666667
