0 0.669792 0.326852 0.0145833 0.0648148
0 0.88099 0.305093 0.0140625 0.0583333
0 0.444271 0.412037 0.0125 0.0555556
0 0.53776 0.347222 0.0161458 0.0777778
0 0.653385 0.333333 0.0130208 0.0555556
0 0.629687 0.326389 0.0125 0.0583333
0 0.928906 0.430093 0.0130208 0.0546296
0 0.78099 0.368519 0.0151042 0.0574074
0 0.38099 0.51713 0.0151042 0.0638889
0 0.408333 0.518981 0.0166667 0.0694444
0 0.546875 0.45 0.0135417 0.0592593
0 0.477865 0.45 0.0161458 0.0666667
0 0.558073 0.535185 0.0130208 0.0648148
0 0.891667 0.533796 0.015625 0.0712963
0 0.804427 0.514815 0.0171875 0.0685185
0 0.472135 0.578704 0.0171875 0.0722222
