0 0.895052 0.312037 0.0140625 0.0574074
0 0.448958 0.416204 0.0135417 0.062037
0 0.546094 0.351389 0.0140625 0.075
0 0.488021 0.452315 0.0166667 0.0712963
0 0.948177 0.439815 0.0161458 0.0574074
0 0.555469 0.457407 0.0130208 0.0611111
0 0.56901 0.540278 0.0161458 0.0657407
0 0.641146 0.331944 0.0104167 0.0583333
0 0.388802 0.519444 0.0140625 0.0648148
0 0.907812 0.536574 0.0145833 0.0712963
0 0.422135 0.517593 0.0151042 0.0666667
0 0.796354 0.376389 0.0177083 0.0583333
0 0.816406 0.51713 0.0161458 0.0731481
0 0.482292 0.581481 0.0166667 0.0722222
