0 0.642708 0.329167 0.0125 0.0564815
0 0.681771 0.329167 0.0114583 0.0601852
0 0.553385 0.345833 0.0192708 0.0768519
0 0.659635 0.334259 0.0119792 0.0611111
0 0.463802 0.411574 0.0119792 0.0546296
0 0.891406 0.306019 0.0130208 0.0490741
0 0.488281 0.455556 0.0161458 0.0648148
0 0.789844 0.369907 0.00989583 0.0601852
0 0.560938 0.45 0.0135417 0.0574074
0 0.933073 0.428241 0.0151042 0.0564815
0 0.817708 0.518981 0.0145833 0.0731481
0 0.390625 0.518519 0.0177083 0.0685185
0 0.413542 0.532407 0.0135417 0.0722222
0 0.569531 0.536111 0.0171875 0.0666667
0 0.900521 0.536574 0.015625 0.0657407
0 0.483854 0.583333 0.0166667 0.0759259
