0 0.444792 0.539352 0.0177083 0.0601852
0 0.529427 0.310648 0.0109375 0.0453704
0 0.569531 0.370833 0.0161458 0.0601852
0 0.630469 0.318056 0.0119792 0.0472222
0 0.198437 0.452778 0.0145833 0.0611111
0 0.575521 0.436111 0.0145833 0.0592593
0 0.468229 0.391667 0.0125 0.0481481
0 0.7 0.332407 0.0114583 0.0592593
0 0.363802 0.538889 0.0182292 0.0611111
0 0.926562 0.40787 0.0197917 0.0509259
0 0.371615 0.443519 0.0171875 0.062963
0 0.59349 0.530093 0.0182292 0.0657407
0 0.945833 0.541204 0.015625 0.0731481
0 0.247135 0.613426 0.0213542 0.0583333
0 0.822396 0.49213 0.021875 0.062037
