0 0.488542 0.348148 0.0135417 0.0481481
0 0.498177 0.310648 0.0119792 0.0490741
0 0.275521 0.438889 0.0177083 0.0611111
0 0.414062 0.393056 0.0114583 0.0546296
0 0.797656 0.288889 0.0140625 0.0518519
0 0.414323 0.559259 0.0161458 0.0703704
0 0.305469 0.508333 0.0182292 0.0666667
0 0.496354 0.425926 0.015625 0.0555556
0 0.833594 0.40463 0.0140625 0.0537037
0 0.701302 0.346296 0.0119792 0.0518519
0 0.801562 0.50463 0.0145833 0.0666667
0 0.603646 0.327315 0.0125 0.0546296
0 0.745833 0.491667 0.0208333 0.0611111
0 0.498958 0.507407 0.0135417 0.0666667
0 0.398698 0.429167 0.0119792 0.0657407
0 0.566146 0.315278 0.0135417 0.0601852
0 0.332552 0.539815 0.0203125 0.0666667
