0 0.518229 0.319907 0.0135417 0.0490741
0 0.27474 0.526852 0.0203125 0.0703704
0 0.551562 0.322222 0.0125 0.0537037
0 0.508333 0.375463 0.015625 0.0472222
0 0.486719 0.434259 0.0140625 0.0611111
0 0.677344 0.339815 0.00989583 0.0537037
0 0.642448 0.359259 0.0140625 0.0518519
0 0.227865 0.448611 0.0151042 0.0564815
0 0.268229 0.549537 0.0239583 0.100926
0 0.985677 0.430556 0.0234375 0.0574074
0 0.834375 0.409259 0.0104167 0.0574074
0 0.336719 0.439815 0.0151042 0.0666667
0 0.391146 0.39213 0.0114583 0.0527778
0 0.420052 0.569907 0.0171875 0.0787037
0 0.5 0.522685 0.021875 0.0675926
0 0.749219 0.494444 0.0171875 0.0703704
0 0.821615 0.514815 0.0130208 0.0740741
