0 0.517187 0.375 0.015625 0.0481481
0 0.401563 0.391204 0.015625 0.0509259
0 0.558333 0.328704 0.0114583 0.0537037
0 0.657552 0.356944 0.0130208 0.0527778
0 0.842708 0.411111 0.0125 0.0555556
0 0.501562 0.435185 0.0177083 0.0555556
0 0.980208 0.431944 0.015625 0.0638889
0 0.51224 0.521759 0.0182292 0.0694444
0 0.257031 0.558796 0.0192708 0.0638889
0 0.226302 0.44537 0.0151042 0.062963
0 0.280729 0.524537 0.021875 0.0564815
0 0.677344 0.334722 0.00989583 0.0546296
0 0.755729 0.496296 0.0166667 0.0666667
0 0.8375 0.526852 0.0197917 0.0703704
0 0.33776 0.443981 0.0161458 0.0675926
0 0.404167 0.584259 0.0239583 0.0703704
