0 0.490625 0.302315 0.0125 0.0472222
0 0.26875 0.529167 0.0229167 0.0768519
0 0.548958 0.316204 0.0135417 0.0490741
0 0.521094 0.316204 0.0119792 0.0527778
0 0.228646 0.449074 0.015625 0.0574074
0 0.501562 0.372222 0.0145833 0.05
0 0.479948 0.432407 0.0140625 0.0555556
0 0.261979 0.571296 0.01875 0.0703704
0 0.8125 0.518981 0.0145833 0.0712963
0 0.678906 0.344907 0.0119792 0.0527778
0 0.825521 0.408333 0.015625 0.0518519
0 0.390885 0.396759 0.0119792 0.0527778
0 0.339063 0.437963 0.0145833 0.0685185
0 0.41875 0.564815 0.025 0.0648148
0 0.628906 0.355556 0.0140625 0.0555556
0 0.491406 0.514815 0.0171875 0.062963
0 0.745833 0.49537 0.0166667 0.0666667
