0 0.850521 0.2875 0.0135417 0.0527778
0 0.567448 0.361574 0.0171875 0.0453704
0 0.307813 0.441204 0.0135417 0.0546296
0 0.464063 0.387037 0.0125 0.0444444
0 0.614323 0.305093 0.0109375 0.0490741
0 0.690365 0.347222 0.0234375 0.0537037
0 0.551042 0.419444 0.0145833 0.0537037
0 0.345573 0.533796 0.0182292 0.115741
0 0.419271 0.425463 0.015625 0.062037
0 0.56224 0.506019 0.0171875 0.0638889
0 0.486979 0.547222 0.0177083 0.0611111
0 0.88125 0.512037 0.015625 0.0648148
0 0.889323 0.402315 0.0109375 0.0509259
0 0.748698 0.3375 0.0119792 0.0546296
0 0.814062 0.487963 0.0135417 0.062963
