0 0.20651 0.45463 0.0140625 0.0592593
0 0.514323 0.307407 0.0109375 0.0444444
0 0.665365 0.311111 0.00989583 0.0518519
0 0.616146 0.321759 0.0125 0.0509259
0 0.694531 0.34537 0.0130208 0.0518519
0 0.457292 0.391204 0.0125 0.0509259
0 0.358333 0.436111 0.0177083 0.0537037
0 0.914844 0.414352 0.0151042 0.0546296
0 0.558854 0.436111 0.0208333 0.0611111
0 0.432552 0.540741 0.0182292 0.0592593
0 0.933333 0.545833 0.0229167 0.0712963
0 0.346094 0.535185 0.0182292 0.0592593
0 0.239323 0.602315 0.0161458 0.0694444
0 0.574479 0.530556 0.0208333 0.0648148
0 0.805469 0.494907 0.0213542 0.0601852
