0 0.560156 0.289815 0.00989583 0.0444444
0 0.7125 0.343519 0.0104167 0.0444444
0 0.345052 0.525926 0.0213542 0.0962963
0 0.575781 0.363426 0.0151042 0.0435185
0 0.353906 0.502778 0.0203125 0.0611111
0 0.615104 0.315741 0.0114583 0.05
0 0.340365 0.541667 0.0151042 0.0703704
0 0.298958 0.429167 0.015625 0.0583333
0 0.559375 0.42037 0.0166667 0.0555556
0 0.460938 0.376852 0.0104167 0.05
0 0.572917 0.50787 0.0208333 0.0657407
0 0.40651 0.425926 0.0140625 0.0666667
0 0.736979 0.327778 0.009375 0.0611111
0 0.898438 0.401852 0.0125 0.0537037
0 0.814844 0.480093 0.0130208 0.0657407
0 0.892969 0.508796 0.0171875 0.0638889
0 0.483594 0.560648 0.0255208 0.0694444
