0 0.546615 0.351852 0.0140625 0.0796296
0 0.679948 0.331481 0.0203125 0.0666667
0 0.447396 0.413426 0.0125 0.062037
0 0.644271 0.332407 0.0125 0.0574074
0 0.90026 0.310648 0.0140625 0.0601852
0 0.954427 0.438889 0.0161458 0.0555556
0 0.557292 0.455556 0.0125 0.0611111
0 0.427344 0.513426 0.0171875 0.0675926
0 0.490104 0.452315 0.01875 0.0694444
0 0.800521 0.378241 0.0177083 0.0601852
0 0.567448 0.543519 0.0161458 0.0722222
0 0.914323 0.5375 0.0151042 0.075
0 0.819271 0.514815 0.0177083 0.0722222
0 0.391667 0.51713 0.0145833 0.0657407
0 0.483594 0.581019 0.0171875 0.0768519
