0 0.539062 0.309259 0.015625 0.0518519
0 0.552604 0.304167 0.0125 0.0564815
0 0.786458 0.288889 0.0114583 0.0518519
0 0.24974 0.443056 0.0151042 0.0546296
0 0.401563 0.3875 0.0114583 0.0490741
0 0.608073 0.3375 0.0182292 0.0564815
0 0.286979 0.535185 0.0229167 0.101852
0 0.485677 0.421759 0.0151042 0.0546296
0 0.365104 0.427315 0.015625 0.0638889
0 0.800781 0.503704 0.0171875 0.0703704
0 0.738802 0.489815 0.0192708 0.0592593
0 0.686458 0.338426 0.0104167 0.0546296
0 0.488802 0.503704 0.0182292 0.0685185
0 0.408073 0.546296 0.0171875 0.0722222
0 0.815365 0.399537 0.0119792 0.0564815
