0 0.824479 0.286574 0.0125 0.0527778
0 0.546354 0.365278 0.015625 0.0472222
0 0.589844 0.308333 0.0119792 0.0537037
0 0.435417 0.381944 0.0145833 0.0527778
0 0.276563 0.437963 0.0166667 0.0611111
0 0.678646 0.346759 0.015625 0.0546296
0 0.527604 0.419444 0.015625 0.0574074
0 0.716667 0.33287 0.0114583 0.0564815
0 0.869792 0.399074 0.0125 0.0574074
0 0.540885 0.506019 0.0171875 0.0638889
0 0.321094 0.531018 0.0223958 0.110185
0 0.857813 0.506019 0.015625 0.0712963
0 0.384115 0.425926 0.0140625 0.0666667
0 0.78776 0.485648 0.0182292 0.0675926
0 0.46901 0.549537 0.0192708 0.0731481
