0 0.269531 0.542593 0.0192708 0.0888889
0 0.51224 0.373611 0.0182292 0.0509259
0 0.980469 0.42963 0.0161458 0.0666667
0 0.553385 0.325463 0.0109375 0.0546296
0 0.491406 0.435648 0.0171875 0.0564815
0 0.651042 0.356944 0.0135417 0.0472222
0 0.264844 0.565278 0.0151042 0.0694444
0 0.278385 0.519907 0.0213542 0.0601852
0 0.226302 0.444907 0.0161458 0.0638889
0 0.839063 0.414815 0.0114583 0.0592593
0 0.677083 0.337963 0.009375 0.0537037
0 0.336458 0.44213 0.0145833 0.0657407
0 0.504427 0.522222 0.0182292 0.0685185
0 0.392969 0.391667 0.00989583 0.0518519
0 0.828385 0.519907 0.0140625 0.0675926
0 0.413542 0.576852 0.025 0.0759259
0 0.752083 0.493981 0.0145833 0.0712963
