0 0.680208 0.332407 0.0166667 0.0574074
0 0.542969 0.369444 0.0182292 0.0462963
0 0.607813 0.320833 0.0135417 0.0472222
0 0.844792 0.303704 0.0177083 0.0685185
0 0.670573 0.314352 0.0119792 0.0527778
0 0.211719 0.456944 0.0161458 0.062037
0 0.332031 0.530556 0.0182292 0.0574074
0 0.903646 0.418519 0.0229167 0.0537037
0 0.347917 0.438889 0.0177083 0.0592593
0 0.548958 0.438426 0.01875 0.0601852
0 0.448438 0.391204 0.0135417 0.0564815
0 0.790365 0.494907 0.0244792 0.0583333
0 0.685417 0.355093 0.015625 0.0509259
0 0.433854 0.550463 0.0208333 0.0657407
0 0.23776 0.591204 0.0182292 0.0731481
0 0.920833 0.539815 0.0177083 0.0722222
0 0.564323 0.528241 0.0203125 0.0657407
