0 0.819792 0.300463 0.0135417 0.0490741
0 0.617708 0.329167 0.0114583 0.0546296
0 0.405208 0.4125 0.0125 0.0527778
0 0.721094 0.364815 0.0109375 0.0555556
0 0.329427 0.516667 0.0161458 0.0592593
0 0.492188 0.347685 0.0177083 0.0768519
0 0.428125 0.451389 0.0166667 0.062037
0 0.859115 0.425 0.0151042 0.0574074
0 0.352865 0.531944 0.0161458 0.0638889
0 0.50651 0.532407 0.0151042 0.0666667
0 0.82526 0.530556 0.0182292 0.0666667
0 0.746875 0.512037 0.0166667 0.0685185
0 0.498958 0.445833 0.0145833 0.0564815
0 0.422135 0.57963 0.0171875 0.0703704
