0 0.803646 0.287037 0.0135417 0.0537037
0 0.657031 0.347685 0.0171875 0.0527778
0 0.523438 0.366667 0.015625 0.0481481
0 0.56849 0.310185 0.0130208 0.0537037
0 0.413021 0.381944 0.0145833 0.0527778
0 0.252865 0.436111 0.0161458 0.0574074
0 0.295573 0.529167 0.0213542 0.106481
0 0.69401 0.33287 0.0119792 0.0564815
0 0.845573 0.398611 0.0130208 0.0564815
0 0.504427 0.42037 0.0151042 0.0574074
0 0.359896 0.426389 0.0135417 0.0638889
0 0.764063 0.485185 0.0145833 0.0666667
0 0.515885 0.508796 0.0161458 0.0638889
0 0.833333 0.505556 0.015625 0.0722222
0 0.444271 0.552315 0.0197917 0.0712963
