0 0.270833 0.537037 0.021875 0.0814815
0 0.514063 0.375926 0.0177083 0.0444444
0 0.554688 0.329167 0.0114583 0.0527778
0 0.495573 0.435648 0.0192708 0.0583333
0 0.652604 0.35787 0.0125 0.0490741
0 0.264844 0.563426 0.0161458 0.0694444
0 0.279167 0.520833 0.0229167 0.0601852
0 0.979427 0.430093 0.0140625 0.0657407
0 0.226302 0.445833 0.0161458 0.0638889
0 0.395052 0.392593 0.0119792 0.0518519
0 0.839844 0.412963 0.0119792 0.0555556
0 0.507292 0.523148 0.015625 0.0648148
0 0.677083 0.336111 0.009375 0.0555556
0 0.832031 0.523611 0.0182292 0.0657407
0 0.336979 0.442593 0.0145833 0.0648148
0 0.753125 0.494907 0.015625 0.0712963
0 0.408073 0.581481 0.0286458 0.0722222
