0 0.308333 0.632407 0.0135417 0.0351852
0 0.676562 0.316667 0.015625 0.0537037
0 0.511979 0.390278 0.0135417 0.0546296
0 0.424479 0.552778 0.0197917 0.0611111
0 0.197135 0.443981 0.0161458 0.0675926
0 0.963542 0.546296 0.021875 0.0722222
0 0.63099 0.425463 0.0192708 0.0509259
0 0.451302 0.569444 0.0140625 0.0685185
0 0.603385 0.383796 0.0119792 0.0527778
0 0.938802 0.381019 0.0130208 0.0527778
0 0.441927 0.448611 0.0192708 0.0638889
0 0.879948 0.488426 0.0192708 0.062037
0 0.634896 0.532407 0.01875 0.0666667
