0 0.83099 0.300463 0.0130208 0.0527778
0 0.5875 0.329167 0.0125 0.0564815
0 0.626562 0.326852 0.0114583 0.0611111
0 0.406771 0.414815 0.0125 0.0537037
0 0.733073 0.368981 0.0130208 0.0583333
0 0.43724 0.455093 0.0161458 0.0638889
0 0.608854 0.338426 0.0166667 0.0583333
0 0.364844 0.523611 0.0161458 0.0694444
0 0.497656 0.345833 0.0161458 0.0805556
0 0.87474 0.427778 0.0192708 0.0555556
0 0.50625 0.45 0.0125 0.0592593
0 0.341667 0.517593 0.0145833 0.062963
0 0.840625 0.530556 0.01875 0.0666667
0 0.758333 0.514352 0.0166667 0.062037
0 0.432292 0.578704 0.0166667 0.0740741
0 0.514844 0.535185 0.0130208 0.0648148
