0 0.689583 0.343519 0.01875 0.0648148
0 0.70026 0.329167 0.0140625 0.0694444
0 0.694792 0.334722 0.0197917 0.0731481
0 0.551302 0.361574 0.0192708 0.075
0 0.923437 0.316204 0.0145833 0.0527778
0 0.66224 0.334722 0.0140625 0.062037
0 0.367448 0.431481 0.0161458 0.0666667
0 0.440104 0.413889 0.0145833 0.0574074
0 0.505208 0.451389 0.015625 0.0712963
0 0.565625 0.463889 0.015625 0.0648148
0 0.976302 0.445833 0.0130208 0.062037
0 0.8375 0.517593 0.0197917 0.0703704
0 0.823698 0.384722 0.0109375 0.0583333
0 0.56224 0.553241 0.0182292 0.0787037
0 0.932292 0.541667 0.0125 0.0740741
0 0.404167 0.517593 0.015625 0.0666667
0 0.455729 0.496759 0.0197917 0.0657407
0 0.50026 0.579167 0.0182292 0.075
