0 0.245312 0.439352 0.0135417 0.0527778
0 0.99349 0.421296 0.0130208 0.0611111
0 0.510938 0.363889 0.0166667 0.0462963
0 0.557031 0.30787 0.0119792 0.0527778
0 0.285417 0.506944 0.0208333 0.0675926
0 0.279948 0.560185 0.0223958 0.0611111
0 0.635417 0.348148 0.0145833 0.0574074
0 0.403646 0.386111 0.0114583 0.0518519
0 0.791146 0.289352 0.0135417 0.0546296
0 0.819531 0.508796 0.0161458 0.0694444
0 0.490885 0.419907 0.0130208 0.0564815
0 0.353646 0.425926 0.0145833 0.0666667
0 0.83125 0.4 0.0166667 0.0537037
0 0.501562 0.506944 0.0197917 0.0675926
0 0.686719 0.335648 0.0130208 0.0546296
0 0.429688 0.55 0.0260417 0.062963
0 0.752344 0.486111 0.0182292 0.0648148
