0 0.595312 0.431944 0.0166667 0.062037
0 0.65026 0.310185 0.0223958 0.0648148
0 0.682552 0.319907 0.0130208 0.0546296
0 0.269531 0.623148 0.0171875 0.0462963
0 0.484896 0.390278 0.0166667 0.0527778
0 0.184635 0.455556 0.0151042 0.0666667
0 0.398438 0.448611 0.0166667 0.0638889
0 0.93151 0.392593 0.0109375 0.0518519
0 0.947917 0.544444 0.021875 0.0685185
0 0.386979 0.55 0.0208333 0.062963
0 0.610156 0.531018 0.0182292 0.0675926
0 0.445312 0.55787 0.021875 0.0638889
0 0.846094 0.488889 0.0223958 0.062963
