0 0.784635 0.286111 0.0119792 0.0555556
0 0.547135 0.311111 0.0192708 0.0574074
0 0.254948 0.441204 0.0151042 0.0564815
0 0.401042 0.389815 0.0114583 0.0555556
0 0.598177 0.331481 0.0130208 0.0555556
0 0.284375 0.506944 0.0177083 0.062037
0 0.486979 0.50463 0.0135417 0.0666667
0 0.484375 0.422685 0.0125 0.0564815
0 0.372917 0.425463 0.0114583 0.062037
0 0.79375 0.499537 0.015625 0.0712963
0 0.734896 0.487963 0.0177083 0.0611111
0 0.302865 0.546296 0.0255208 0.0666667
0 0.685938 0.338889 0.0104167 0.0555556
0 0.815885 0.399537 0.0119792 0.0583333
0 0.404948 0.547222 0.0213542 0.0759259
