0 0.992188 0.418519 0.015625 0.0611111
0 0.645312 0.346296 0.0177083 0.0555556
0 0.246094 0.439815 0.0161458 0.0574074
0 0.40651 0.381944 0.0130208 0.0509259
0 0.560938 0.309259 0.0114583 0.0555556
0 0.515885 0.364815 0.0171875 0.05
0 0.495573 0.420833 0.0140625 0.0564815
0 0.286198 0.535648 0.0286458 0.113889
0 0.836458 0.4 0.0145833 0.0574074
0 0.507031 0.506944 0.0161458 0.0675926
0 0.689062 0.333333 0.0104167 0.0555556
0 0.354688 0.425926 0.0135417 0.0611111
0 0.757031 0.485648 0.0161458 0.062037
0 0.824219 0.508333 0.0171875 0.0703704
0 0.435677 0.551389 0.0234375 0.0712963
