0 0.189063 0.456944 0.0145833 0.0657407
0 0.541667 0.312037 0.0145833 0.0462963
0 0.646615 0.310185 0.0140625 0.0611111
0 0.577344 0.372685 0.0130208 0.0546296
0 0.477083 0.390741 0.0125 0.05
0 0.259896 0.623148 0.0177083 0.0518519
0 0.931771 0.398148 0.0114583 0.0537037
0 0.947917 0.545833 0.0208333 0.0675926
0 0.589323 0.435185 0.0223958 0.0574074
0 0.690104 0.322685 0.0125 0.0564815
0 0.388542 0.443981 0.01875 0.0638889
0 0.380729 0.548148 0.0270833 0.0592593
0 0.445312 0.551389 0.0229167 0.0657407
0 0.604427 0.531018 0.0192708 0.0675926
0 0.838542 0.491204 0.0239583 0.0638889
