0 0.539062 0.311111 0.0145833 0.0555556
0 0.513281 0.294444 0.00989583 0.0425926
0 0.525521 0.364352 0.015625 0.0435185
0 0.803906 0.287037 0.0140625 0.0537037
0 0.291667 0.543056 0.0208333 0.0898148
0 0.658333 0.348611 0.0177083 0.0546296
0 0.569531 0.310185 0.0140625 0.0537037
0 0.253906 0.436574 0.0161458 0.0564815
0 0.296875 0.529167 0.021875 0.106481
0 0.414323 0.382407 0.0130208 0.0518519
0 0.50599 0.421296 0.0161458 0.0574074
0 0.847396 0.398148 0.0125 0.0555556
0 0.694792 0.33287 0.0114583 0.0564815
0 0.361198 0.426852 0.0130208 0.062963
0 0.765365 0.484722 0.0151042 0.0675926
0 0.835677 0.505093 0.0171875 0.0694444
0 0.517969 0.508796 0.0171875 0.0638889
0 0.445573 0.552778 0.0203125 0.0703704
