0 0.269531 0.526852 0.0182292 0.0851852
0 0.233594 0.457407 0.0130208 0.0574074
0 0.4875 0.30787 0.0104167 0.0490741
0 0.494271 0.368519 0.0145833 0.0462963
0 0.26901 0.566204 0.0192708 0.0805556
0 0.527604 0.319907 0.0125 0.062037
0 0.477865 0.428704 0.0119792 0.0537037
0 0.391406 0.399537 0.0109375 0.0435185
0 0.680729 0.346296 0.0114583 0.0555556
0 0.738281 0.499537 0.0192708 0.0638889
0 0.545833 0.314815 0.0125 0.0611111
0 0.482292 0.514352 0.015625 0.0601852
0 0.611979 0.351852 0.0166667 0.0574074
0 0.803646 0.518056 0.0114583 0.0675926
0 0.816406 0.410648 0.0151042 0.0527778
0 0.405208 0.557407 0.0208333 0.0666667
0 0.346615 0.44213 0.0213542 0.0638889
