0 0.657552 0.335185 0.0296875 0.0722222
0 0.881771 0.312037 0.0135417 0.0537037
0 0.405729 0.4125 0.0125 0.0509259
0 0.664062 0.329167 0.0135417 0.0712963
0 0.517187 0.363889 0.0166667 0.0759259
0 0.935156 0.439352 0.0130208 0.0638889
0 0.339583 0.42963 0.0177083 0.0648148
0 0.53099 0.463889 0.0151042 0.0648148
0 0.427083 0.493519 0.0135417 0.062963
0 0.628906 0.337963 0.0140625 0.0611111
0 0.786979 0.381019 0.0114583 0.0601852
0 0.472917 0.45 0.015625 0.0703704
0 0.372656 0.518519 0.0161458 0.0685185
0 0.797917 0.515278 0.0177083 0.0712963
0 0.526042 0.552778 0.0208333 0.0722222
0 0.891667 0.535648 0.0125 0.0694444
0 0.470313 0.575 0.0177083 0.0703704
