0 0.290104 0.42963 0.0166667 0.0611111
0 0.511979 0.316204 0.0135417 0.0472222
0 0.498958 0.351389 0.0125 0.0435185
0 0.585938 0.321296 0.0166667 0.062963
0 0.816146 0.29537 0.0135417 0.05
0 0.330729 0.506019 0.015625 0.0657407
0 0.851042 0.410185 0.0145833 0.0537037
0 0.511198 0.431019 0.0151042 0.0546296
0 0.618229 0.325 0.0145833 0.0518519
0 0.757031 0.495833 0.0151042 0.062037
0 0.429427 0.567593 0.0161458 0.0740741
0 0.424479 0.418519 0.0177083 0.1
0 0.515885 0.513889 0.0151042 0.0648148
0 0.718229 0.352315 0.0125 0.0564815
0 0.35599 0.534259 0.0182292 0.0666667
0 0.81901 0.508796 0.0161458 0.0694444
