0 0.690625 0.332407 0.028125 0.0611111
0 0.470833 0.416204 0.0125 0.0601852
0 0.915365 0.306944 0.0130208 0.0546296
0 0.576042 0.454167 0.0145833 0.0583333
0 0.701563 0.327778 0.0135417 0.0648148
0 0.685417 0.339352 0.0166667 0.0527778
0 0.566927 0.348611 0.0171875 0.0805556
0 0.504948 0.455093 0.0161458 0.0657407
0 0.40599 0.52037 0.0140625 0.0648148
0 0.965885 0.4375 0.0130208 0.0564815
0 0.838281 0.521759 0.0171875 0.0657407
0 0.660677 0.329167 0.0109375 0.0601852
0 0.927083 0.537963 0.0135417 0.0703704
0 0.813802 0.373148 0.0151042 0.0592593
0 0.434115 0.525 0.0182292 0.0703704
0 0.585938 0.541204 0.0114583 0.0675926
0 0.499479 0.58287 0.0197917 0.0805556
