0 0.244271 0.443981 0.0166667 0.0583333
0 0.788802 0.285648 0.0109375 0.0527778
0 0.401563 0.388889 0.0114583 0.0444444
0 0.504948 0.361574 0.0161458 0.0435185
0 0.534375 0.3125 0.0125 0.0564815
0 0.553646 0.306481 0.0125 0.0537037
0 0.280469 0.55787 0.0203125 0.0694444
0 0.488021 0.418981 0.0125 0.0583333
0 0.622396 0.343981 0.0208333 0.0564815
0 0.821094 0.400463 0.0140625 0.0509259
0 0.41849 0.545833 0.0203125 0.0638889
0 0.356771 0.427778 0.01875 0.0685185
0 0.810417 0.506019 0.015625 0.0657407
0 0.49375 0.506481 0.0166667 0.0648148
0 0.745313 0.485648 0.015625 0.0601852
0 0.686198 0.336111 0.0109375 0.0574074
