0 0.620833 0.366667 0.0166667 0.0481481
0 0.928646 0.315741 0.0177083 0.0592593
0 0.992708 0.544907 0.0145833 0.0712963
0 0.519792 0.387963 0.0145833 0.0481481
0 0.423698 0.540741 0.0213542 0.0537037
0 0.740104 0.324074 0.0135417 0.0555556
0 0.244531 0.447222 0.0151042 0.0666667
0 0.430729 0.438426 0.01875 0.0601852
0 0.973958 0.402315 0.0166667 0.0564815
0 0.629687 0.428241 0.01875 0.0546296
0 0.495833 0.536111 0.01875 0.0611111
0 0.65 0.525926 0.021875 0.0703704
0 0.309115 0.615278 0.0192708 0.0675926
0 0.88125 0.487963 0.0166667 0.062963
