0 0.320312 0.631481 0.0145833 0.0351852
0 0.686198 0.31713 0.0171875 0.0527778
0 0.208073 0.444444 0.0130208 0.062963
0 0.975 0.547685 0.0197917 0.0731481
0 0.436719 0.549074 0.0182292 0.0611111
0 0.46276 0.57037 0.0161458 0.0703704
0 0.640885 0.426852 0.0203125 0.05
0 0.522917 0.390278 0.0166667 0.0546296
0 0.614323 0.384722 0.0109375 0.0527778
0 0.949479 0.381944 0.0125 0.0527778
0 0.890885 0.489352 0.0182292 0.062037
0 0.452604 0.449074 0.0197917 0.0648148
0 0.645573 0.530093 0.0192708 0.0694444
