0 0.360938 0.436574 0.015625 0.0546296
0 0.690365 0.335185 0.0203125 0.0740741
0 0.439844 0.409722 0.0109375 0.0509259
0 0.817448 0.383796 0.0119792 0.0564815
0 0.559635 0.464815 0.0130208 0.062963
0 0.96875 0.445833 0.015625 0.062037
0 0.915365 0.316204 0.0151042 0.0527778
0 0.548177 0.357407 0.0161458 0.0777778
0 0.498698 0.450926 0.0182292 0.0685185
0 0.560677 0.548148 0.0151042 0.0777778
0 0.398698 0.517593 0.0161458 0.0722222
0 0.65651 0.335648 0.0130208 0.0638889
0 0.446615 0.505556 0.0161458 0.0685185
0 0.925781 0.538426 0.0140625 0.0731481
0 0.829948 0.516204 0.0171875 0.0731481
0 0.494531 0.580556 0.0182292 0.0722222
