0 0.686719 0.346296 0.0182292 0.0592593
0 0.695052 0.333333 0.0182292 0.0722222
0 0.552604 0.368519 0.0166667 0.0666667
0 0.921875 0.314815 0.0145833 0.0574074
0 0.439063 0.412963 0.0145833 0.0574074
0 0.366146 0.431481 0.015625 0.0685185
0 0.564062 0.464352 0.0135417 0.0638889
0 0.835156 0.51713 0.0171875 0.0731481
0 0.403125 0.518519 0.0166667 0.0685185
0 0.503906 0.451389 0.0171875 0.0712963
0 0.660937 0.334722 0.0135417 0.0657407
0 0.974219 0.445833 0.0161458 0.0657407
0 0.823177 0.383796 0.0109375 0.0564815
0 0.560417 0.551389 0.0177083 0.0805556
0 0.930729 0.540741 0.0145833 0.0777778
0 0.455469 0.496296 0.0182292 0.0685185
0 0.498958 0.578704 0.01875 0.0759259
