0 0.446354 0.408796 0.0114583 0.0527778
0 0.90651 0.310185 0.0130208 0.05
0 0.685156 0.334259 0.0213542 0.0703704
0 0.559115 0.459722 0.0130208 0.0638889
0 0.961458 0.440278 0.015625 0.0583333
0 0.547656 0.354167 0.0151042 0.0787037
0 0.808073 0.378704 0.0130208 0.0611111
0 0.49375 0.451852 0.01875 0.0685185
0 0.65 0.33287 0.0114583 0.0564815
0 0.395573 0.516667 0.0171875 0.0703704
0 0.4875 0.581944 0.01875 0.0768519
0 0.435677 0.509722 0.0161458 0.0675926
0 0.920313 0.538426 0.0145833 0.075
0 0.825 0.51713 0.0177083 0.0731481
0 0.566927 0.547222 0.0171875 0.0703704
