0 0.7 0.32963 0.0135417 0.0703704
0 0.68724 0.346296 0.0182292 0.0592593
0 0.694271 0.334259 0.01875 0.0722222
0 0.550781 0.361574 0.0192708 0.0731481
0 0.921875 0.314352 0.0145833 0.0564815
0 0.439323 0.412963 0.0161458 0.0592593
0 0.366667 0.430556 0.015625 0.0685185
0 0.564323 0.463889 0.0140625 0.0648148
0 0.836198 0.517593 0.0182292 0.0722222
0 0.403385 0.518981 0.0161458 0.0694444
0 0.504427 0.451389 0.0171875 0.0712963
0 0.660937 0.334259 0.0135417 0.0648148
0 0.975 0.44537 0.0135417 0.0648148
0 0.93125 0.540278 0.0145833 0.0768519
0 0.560938 0.551852 0.0177083 0.0796296
0 0.823438 0.383796 0.0114583 0.0564815
0 0.454427 0.494444 0.0171875 0.0703704
0 0.499219 0.578241 0.0182292 0.0768519
