0 0.528906 0.309259 0.0109375 0.0462963
0 0.872396 0.311111 0.01875 0.0666667
0 0.198437 0.456481 0.015625 0.0666667
0 0.630469 0.318981 0.0119792 0.0472222
0 0.445312 0.539352 0.0177083 0.0601852
0 0.56849 0.369444 0.0140625 0.0574074
0 0.467708 0.390741 0.0135417 0.0481481
0 0.573438 0.436111 0.015625 0.0592593
0 0.926562 0.40787 0.01875 0.0509259
0 0.700521 0.332407 0.0114583 0.0592593
0 0.363021 0.537963 0.01875 0.0611111
0 0.592708 0.531482 0.01875 0.0666667
0 0.945312 0.540741 0.015625 0.0740741
0 0.370313 0.44213 0.0177083 0.0675926
0 0.246875 0.613426 0.0208333 0.0583333
0 0.822135 0.493519 0.0223958 0.0592593
