0 0.513281 0.315741 0.0119792 0.0462963
0 0.289844 0.427315 0.0151042 0.0638889
0 0.499479 0.351389 0.0125 0.0416667
0 0.817187 0.296296 0.0135417 0.0481481
0 0.5875 0.320833 0.015625 0.0601852
0 0.511979 0.431019 0.0145833 0.0546296
0 0.332031 0.505556 0.0151042 0.062963
0 0.425 0.419444 0.0166667 0.101852
0 0.61849 0.325926 0.0140625 0.0518519
0 0.852083 0.410648 0.0125 0.0546296
0 0.757552 0.496759 0.0151042 0.062037
0 0.719271 0.351852 0.0135417 0.0555556
0 0.430208 0.568056 0.0166667 0.0712963
0 0.516406 0.513889 0.0151042 0.0648148
0 0.356771 0.536111 0.0197917 0.0685185
0 0.820052 0.511111 0.0161458 0.0685185
