0 0.558333 0.313889 0.0166667 0.0611111
0 0.694271 0.343981 0.0135417 0.0564815
0 0.601042 0.327315 0.0145833 0.0546296
0 0.791146 0.288889 0.0114583 0.0518519
0 0.408333 0.388889 0.0114583 0.0537037
0 0.796354 0.499537 0.015625 0.0657407
0 0.49375 0.506481 0.0135417 0.062963
0 0.295052 0.508333 0.0213542 0.0648148
0 0.266667 0.44213 0.0177083 0.0675926
0 0.490625 0.425 0.0125 0.0555556
0 0.826302 0.403241 0.0140625 0.0546296
0 0.740885 0.49213 0.0171875 0.062037
0 0.388281 0.426852 0.0130208 0.0685185
0 0.321354 0.54537 0.021875 0.062963
0 0.409115 0.555093 0.0171875 0.0675926
