0 0.55625 0.306944 0.0125 0.0509259
0 0.532031 0.310648 0.0130208 0.0564815
0 0.244792 0.439352 0.0135417 0.0527778
0 0.510156 0.363426 0.0161458 0.0453704
0 0.633073 0.346296 0.0171875 0.0555556
0 0.402344 0.388889 0.0109375 0.0518519
0 0.791146 0.287963 0.0145833 0.0537037
0 0.284635 0.506481 0.0171875 0.0666667
0 0.279167 0.561111 0.0197917 0.0611111
0 0.50026 0.507407 0.0192708 0.0685185
0 0.354167 0.425 0.0145833 0.0666667
0 0.830469 0.4 0.0161458 0.0537037
0 0.490365 0.420833 0.0140625 0.0564815
0 0.817969 0.508796 0.0161458 0.0675926
0 0.686719 0.336111 0.0130208 0.0537037
0 0.428646 0.548611 0.0239583 0.0601852
0 0.751302 0.485648 0.0171875 0.0638889
