0 0.70026 0.328704 0.0151042 0.0703704
0 0.694792 0.333333 0.0197917 0.0740741
0 0.551302 0.362037 0.0192708 0.0740741
0 0.923177 0.316204 0.0151042 0.0527778
0 0.367448 0.431019 0.0151042 0.0675926
0 0.661719 0.335185 0.0130208 0.062963
0 0.440104 0.413889 0.015625 0.0555556
0 0.504948 0.451852 0.0161458 0.0740741
0 0.403646 0.518981 0.015625 0.0675926
0 0.565365 0.463889 0.0151042 0.0666667
0 0.976042 0.446296 0.0135417 0.062963
0 0.932292 0.540278 0.0135417 0.0768519
0 0.824219 0.384259 0.0119792 0.0574074
0 0.836198 0.518981 0.0192708 0.0731481
0 0.455729 0.497222 0.01875 0.0666667
0 0.499479 0.578241 0.0177083 0.075
0 0.561719 0.553241 0.0192708 0.0787037
