0 0.653125 0.344444 0.0177083 0.0611111
0 0.66875 0.327315 0.0135417 0.0712963
0 0.51901 0.362963 0.0182292 0.0759259
0 0.40625 0.412037 0.0114583 0.0537037
0 0.475521 0.450926 0.015625 0.0703704
0 0.886458 0.311574 0.0135417 0.0546296
0 0.375781 0.51713 0.0171875 0.0694444
0 0.632292 0.3375 0.0145833 0.0583333
0 0.343229 0.430093 0.0177083 0.0675926
0 0.431771 0.493056 0.0145833 0.0657407
0 0.532031 0.462963 0.0140625 0.0685185
0 0.938802 0.440278 0.0119792 0.0638889
0 0.801042 0.515741 0.0177083 0.0685185
0 0.790365 0.38287 0.0109375 0.0583333
0 0.526563 0.555556 0.0208333 0.0685185
0 0.894531 0.536111 0.0140625 0.0722222
0 0.472396 0.575926 0.01875 0.0722222
