0 0.559375 0.352778 0.01875 0.0518519
0 0.632292 0.318981 0.015625 0.0601852
0 0.873958 0.294907 0.0125 0.0527778
0 0.565104 0.43287 0.0135417 0.0546296
0 0.882031 0.518981 0.0182292 0.0675926
0 0.459896 0.434259 0.0114583 0.0685185
0 0.56901 0.515278 0.0151042 0.062037
0 0.335156 0.445833 0.0161458 0.0657407
0 0.479948 0.394907 0.0119792 0.0490741
0 0.676823 0.334259 0.0151042 0.0574074
0 0.482812 0.56713 0.01875 0.0694444
0 0.911719 0.416204 0.0140625 0.0601852
0 0.365365 0.514352 0.0192708 0.0638889
0 0.773177 0.352315 0.0109375 0.0583333
0 0.823958 0.508333 0.01875 0.062963
0 0.391667 0.556019 0.021875 0.0694444
