0 0.911458 0.313889 0.0135417 0.0537037
0 0.295312 0.631019 0.0135417 0.037963
0 0.666927 0.316204 0.0171875 0.0527778
0 0.955469 0.544907 0.0171875 0.0694444
0 0.442708 0.567593 0.01875 0.0685185
0 0.1875 0.445833 0.01875 0.0657407
0 0.501562 0.3875 0.0135417 0.0527778
0 0.61901 0.426852 0.0192708 0.05
0 0.59375 0.381944 0.0135417 0.0546296
0 0.93151 0.381481 0.0140625 0.0537037
0 0.414062 0.551852 0.021875 0.0592593
0 0.867969 0.4875 0.0203125 0.062037
0 0.623698 0.531944 0.0171875 0.0694444
0 0.428906 0.45 0.0182292 0.0685185
