0 0.792188 0.290278 0.0125 0.0527778
0 0.99349 0.421759 0.0130208 0.0601852
0 0.511198 0.362963 0.0171875 0.0481481
0 0.245312 0.438426 0.0145833 0.0546296
0 0.557813 0.307407 0.0114583 0.0574074
0 0.278385 0.558796 0.0213542 0.0675926
0 0.286458 0.52037 0.0229167 0.0907407
0 0.638021 0.348148 0.0135417 0.0574074
0 0.404167 0.385185 0.0114583 0.0537037
0 0.819792 0.508333 0.015625 0.0722222
0 0.491406 0.42037 0.0130208 0.0555556
0 0.353385 0.426389 0.0140625 0.0675926
0 0.686979 0.335185 0.0125 0.0537037
0 0.832292 0.398611 0.0166667 0.0546296
0 0.503125 0.505556 0.0177083 0.0666667
0 0.429948 0.55 0.0255208 0.0648148
0 0.753385 0.485648 0.0182292 0.0638889
