0 0.589844 0.307407 0.0130208 0.0518519
0 0.575 0.362963 0.015625 0.0444444
0 0.309375 0.433333 0.015625 0.0518519
0 0.61901 0.306019 0.0119792 0.0546296
0 0.556771 0.418519 0.0135417 0.0537037
0 0.348437 0.531482 0.0260417 0.111111
0 0.466406 0.380093 0.0119792 0.0509259
0 0.704427 0.34537 0.0130208 0.0574074
0 0.415104 0.424074 0.0125 0.062963
0 0.5 0.550463 0.0239583 0.0712963
0 0.898698 0.401389 0.0130208 0.0527778
0 0.747917 0.333796 0.009375 0.0546296
0 0.890104 0.510185 0.0145833 0.0685185
0 0.569531 0.506481 0.0182292 0.0685185
0 0.820312 0.487963 0.0166667 0.0648148
