0 0.297656 0.631019 0.0119792 0.0342593
0 0.667708 0.316667 0.0177083 0.0537037
0 0.188802 0.444444 0.0182292 0.0666667
0 0.44401 0.567593 0.0182292 0.0685185
0 0.957031 0.546296 0.0161458 0.0722222
0 0.594792 0.381481 0.0135417 0.0537037
0 0.503646 0.388889 0.0166667 0.0555556
0 0.93151 0.380556 0.0140625 0.0537037
0 0.621615 0.428241 0.0203125 0.0546296
0 0.415625 0.550463 0.0208333 0.0601852
0 0.870573 0.4875 0.0192708 0.062037
0 0.62526 0.532407 0.0171875 0.0666667
0 0.432292 0.448611 0.0197917 0.0675926
