0 0.704427 0.30787 0.0109375 0.0472222
0 0.650521 0.316204 0.0114583 0.0472222
0 0.546875 0.300926 0.0114583 0.0462963
0 0.588281 0.362037 0.0130208 0.0481481
0 0.384896 0.519907 0.015625 0.062037
0 0.255208 0.445833 0.015625 0.0583333
0 0.494531 0.379167 0.0109375 0.0509259
0 0.594271 0.425463 0.0177083 0.0527778
0 0.396875 0.426852 0.01875 0.0574074
0 0.726823 0.341204 0.0130208 0.0527778
0 0.946354 0.408796 0.0135417 0.0509259
0 0.2875 0.586111 0.0166667 0.0722222
0 0.476302 0.534722 0.0192708 0.0583333
0 0.839323 0.487963 0.0171875 0.0574074
0 0.609115 0.518519 0.0151042 0.0666667
0 0.96875 0.536111 0.021875 0.0666667
