0 0.993229 0.42037 0.0135417 0.0648148
0 0.554167 0.306944 0.0125 0.0509259
0 0.28125 0.533796 0.01875 0.117593
0 0.50625 0.361574 0.0145833 0.0435185
0 0.401823 0.387963 0.0119792 0.0462963
0 0.24349 0.444907 0.0161458 0.0601852
0 0.282292 0.507407 0.0166667 0.0685185
0 0.789323 0.2875 0.0119792 0.0527778
0 0.421615 0.543981 0.0161458 0.062037
0 0.627083 0.345833 0.021875 0.0527778
0 0.488281 0.419444 0.0130208 0.0574074
0 0.279167 0.559722 0.0208333 0.0638889
0 0.814323 0.507407 0.0203125 0.0648148
0 0.823438 0.399537 0.0125 0.0509259
0 0.355729 0.427315 0.015625 0.0657407
0 0.747917 0.484722 0.0145833 0.0638889
0 0.686198 0.334722 0.0119792 0.0546296
0 0.495833 0.506944 0.0166667 0.0657407
