0 0.803906 0.3 0.0119792 0.05
0 0.477083 0.356944 0.0135417 0.0435185
0 0.494792 0.522685 0.0145833 0.0657407
0 0.310677 0.517593 0.0161458 0.062963
0 0.601823 0.331481 0.0140625 0.0518519
0 0.572135 0.329167 0.0192708 0.062037
0 0.492708 0.321759 0.0114583 0.0416667
0 0.836198 0.418981 0.0151042 0.0546296
0 0.703906 0.359259 0.0119792 0.0574074
0 0.803385 0.521296 0.0192708 0.0703704
0 0.335677 0.541204 0.0171875 0.0694444
0 0.405729 0.430556 0.0177083 0.0981481
0 0.491146 0.439815 0.0135417 0.0592593
0 0.407031 0.576852 0.0171875 0.0703704
0 0.736198 0.508796 0.0161458 0.0675926
