0 0.571875 0.369444 0.0177083 0.0518519
0 0.633594 0.317593 0.0140625 0.0481481
0 0.196615 0.455093 0.0140625 0.0638889
0 0.577865 0.431019 0.0161458 0.0601852
0 0.367708 0.539815 0.015625 0.0611111
0 0.469792 0.391204 0.0114583 0.0509259
0 0.698177 0.327778 0.0119792 0.0592593
0 0.44401 0.538889 0.0161458 0.0611111
0 0.927083 0.403704 0.0177083 0.0555556
0 0.376302 0.440741 0.0203125 0.062963
0 0.946615 0.541667 0.0161458 0.0703704
0 0.596094 0.529167 0.0182292 0.0657407
0 0.24974 0.615278 0.0223958 0.062037
0 0.827083 0.489815 0.0145833 0.0648148
