0 0.573958 0.361574 0.0145833 0.0453704
0 0.620833 0.306019 0.0104167 0.0546296
0 0.351302 0.527778 0.0223958 0.114815
0 0.46875 0.384722 0.0114583 0.0490741
0 0.311198 0.438426 0.0151042 0.0583333
0 0.557552 0.420833 0.0151042 0.0546296
0 0.700521 0.348148 0.0177083 0.0555556
0 0.347135 0.555556 0.0192708 0.0685185
0 0.753385 0.336111 0.0109375 0.0537037
0 0.899219 0.401852 0.0140625 0.0518519
0 0.499479 0.548148 0.0302083 0.0648148
0 0.420833 0.424074 0.0145833 0.0666667
0 0.890885 0.513426 0.0161458 0.0731481
0 0.822396 0.488889 0.0166667 0.062963
0 0.569531 0.506481 0.0203125 0.0666667
