0 0.697656 0.324074 0.0130208 0.0611111
0 0.692969 0.335185 0.0161458 0.0685185
0 0.549219 0.358796 0.0161458 0.0787037
0 0.43776 0.411111 0.0130208 0.0555556
0 0.685677 0.348611 0.0182292 0.0583333
0 0.365104 0.431944 0.0135417 0.0694444
0 0.502604 0.450926 0.015625 0.0685185
0 0.919531 0.316204 0.0140625 0.0546296
0 0.561979 0.464815 0.0166667 0.0666667
0 0.821354 0.383333 0.0104167 0.0555556
0 0.401563 0.517593 0.0177083 0.0685185
0 0.659375 0.334259 0.0125 0.062963
0 0.452604 0.497685 0.0166667 0.0675926
0 0.971875 0.444444 0.015625 0.0666667
0 0.928906 0.539815 0.0119792 0.0740741
0 0.559375 0.551852 0.0166667 0.0777778
0 0.833854 0.516667 0.0177083 0.0722222
0 0.497396 0.577315 0.01875 0.0712963
