0 0.297135 0.631019 0.0119792 0.0342593
0 0.667969 0.316204 0.0171875 0.0527778
0 0.189063 0.444444 0.01875 0.0666667
0 0.595052 0.381944 0.0130208 0.0546296
0 0.44401 0.567593 0.0182292 0.0685185
0 0.957031 0.545833 0.0161458 0.0712963
0 0.93151 0.380556 0.0140625 0.0537037
0 0.503385 0.388426 0.0161458 0.0546296
0 0.621354 0.427778 0.0208333 0.0537037
0 0.415885 0.551389 0.0192708 0.0601852
0 0.870313 0.4875 0.0197917 0.062037
0 0.432031 0.448611 0.0192708 0.0675926
0 0.62474 0.532407 0.0171875 0.0666667
