0 0.402083 0.387963 0.0114583 0.0481481
0 0.791146 0.288426 0.0145833 0.0564815
0 0.282031 0.527778 0.0192708 0.107407
0 0.24349 0.443519 0.0171875 0.0592593
0 0.630469 0.346759 0.0203125 0.0527778
0 0.278906 0.559259 0.0192708 0.062963
0 0.426562 0.546296 0.0229167 0.062963
0 0.489583 0.42037 0.0135417 0.0555556
0 0.354688 0.425926 0.0145833 0.0666667
0 0.686458 0.335648 0.0125 0.0546296
0 0.498437 0.507407 0.0177083 0.0666667
0 0.748958 0.485185 0.0166667 0.062963
0 0.816146 0.508796 0.0177083 0.0675926
0 0.827604 0.399537 0.0135417 0.0527778
