0 0.692448 0.334722 0.0161458 0.0675926
0 0.548698 0.358333 0.0161458 0.0777778
0 0.4375 0.411111 0.0125 0.0537037
0 0.685677 0.348148 0.0182292 0.0592593
0 0.365104 0.431481 0.0145833 0.0685185
0 0.502083 0.450926 0.015625 0.0685185
0 0.561458 0.465278 0.0166667 0.0675926
0 0.821094 0.383333 0.0109375 0.0555556
0 0.919271 0.315741 0.0145833 0.0555556
0 0.401302 0.51713 0.0171875 0.0694444
0 0.452344 0.498148 0.0171875 0.0685185
0 0.659115 0.334259 0.0119792 0.062963
0 0.971875 0.443981 0.015625 0.0675926
0 0.558854 0.551852 0.0166667 0.0777778
0 0.928125 0.539352 0.0114583 0.0731481
0 0.833594 0.516667 0.0182292 0.0722222
0 0.497135 0.577778 0.0182292 0.0722222
