0 0.493229 0.301389 0.0104167 0.0435185
0 0.538542 0.308333 0.0145833 0.05
0 0.786198 0.288889 0.0119792 0.0518519
0 0.552604 0.303241 0.0114583 0.0546296
0 0.249219 0.443056 0.0161458 0.0564815
0 0.608854 0.338426 0.0177083 0.0583333
0 0.401823 0.3875 0.0109375 0.0490741
0 0.286719 0.5375 0.0223958 0.0990741
0 0.364583 0.427315 0.0166667 0.062037
0 0.485938 0.421296 0.0145833 0.0555556
0 0.408594 0.546296 0.0161458 0.0722222
0 0.801562 0.503704 0.0166667 0.0703704
0 0.686198 0.337963 0.0109375 0.0555556
0 0.739323 0.488889 0.0192708 0.0574074
0 0.489323 0.503704 0.0182292 0.0666667
0 0.815885 0.398611 0.0130208 0.0564815
