0 0.992448 0.420833 0.0151042 0.0601852
0 0.510417 0.362963 0.0166667 0.0462963
0 0.556771 0.307407 0.0114583 0.0518519
0 0.244792 0.439352 0.0135417 0.0527778
0 0.402865 0.387963 0.0109375 0.0518519
0 0.791146 0.288889 0.0135417 0.0537037
0 0.634375 0.346296 0.015625 0.0574074
0 0.284896 0.506019 0.01875 0.0675926
0 0.279427 0.560185 0.0213542 0.0611111
0 0.429167 0.548148 0.025 0.0592593
0 0.686719 0.336111 0.0130208 0.0537037
0 0.830729 0.4 0.015625 0.0537037
0 0.501042 0.506481 0.0197917 0.0685185
0 0.818229 0.509259 0.0166667 0.0703704
0 0.353906 0.425463 0.0151042 0.0657407
0 0.490625 0.420833 0.0125 0.0564815
0 0.751823 0.485185 0.0182292 0.0648148
