0 0.520573 0.365741 0.0182292 0.0462963
0 0.29401 0.516667 0.0213542 0.0814815
0 0.409635 0.381481 0.0130208 0.0537037
0 0.288542 0.540741 0.021875 0.1
0 0.248958 0.437963 0.0145833 0.0555556
0 0.564583 0.310185 0.0125 0.0537037
0 0.651042 0.347685 0.0177083 0.0564815
0 0.50026 0.42037 0.0151042 0.0537037
0 0.357552 0.426852 0.0151042 0.0685185
0 0.691927 0.335185 0.0119792 0.0574074
0 0.51224 0.50787 0.0171875 0.0675926
0 0.760156 0.486574 0.0171875 0.0675926
0 0.829948 0.506944 0.0151042 0.0694444
0 0.841406 0.399074 0.0130208 0.0574074
0 0.440104 0.550463 0.021875 0.075
