0 0.666406 0.325463 0.0140625 0.0638889
0 0.627344 0.326389 0.0130208 0.0601852
0 0.64974 0.333796 0.0151042 0.0527778
0 0.535937 0.341204 0.0145833 0.0768519
0 0.44349 0.411111 0.0130208 0.0555556
0 0.775521 0.368519 0.015625 0.0574074
0 0.403646 0.519444 0.0177083 0.0685185
0 0.922396 0.428241 0.0177083 0.0546296
0 0.378125 0.51713 0.0166667 0.0657407
0 0.474479 0.451389 0.0177083 0.0638889
0 0.544792 0.449074 0.0135417 0.0592593
0 0.885938 0.531944 0.0166667 0.0712963
0 0.800521 0.515278 0.0177083 0.0675926
0 0.554427 0.534722 0.0151042 0.0657407
0 0.469531 0.577315 0.0171875 0.0731481
