0 0.514063 0.318519 0.009375 0.0425926
0 0.819792 0.295833 0.0125 0.0472222
0 0.5 0.351389 0.0135417 0.0416667
0 0.513542 0.433333 0.0135417 0.0574074
0 0.589844 0.32037 0.0192708 0.0592593
0 0.620313 0.325463 0.0135417 0.0490741
0 0.427865 0.422222 0.0171875 0.0962963
0 0.334375 0.507407 0.0135417 0.0648148
0 0.721094 0.352315 0.0130208 0.0583333
0 0.518229 0.514352 0.0166667 0.0638889
0 0.432031 0.568056 0.0171875 0.0731481
0 0.854688 0.413426 0.0166667 0.0527778
0 0.758594 0.498611 0.0140625 0.062037
0 0.823177 0.512963 0.0161458 0.0703704
0 0.359375 0.535648 0.01875 0.0712963
