0 0.692187 0.336111 0.0177083 0.0666667
0 0.686719 0.346759 0.0182292 0.0601852
0 0.552083 0.37037 0.0166667 0.0648148
0 0.921094 0.315741 0.0140625 0.0555556
0 0.438802 0.413426 0.0140625 0.0564815
0 0.366406 0.431481 0.0161458 0.0685185
0 0.504167 0.450463 0.0166667 0.0712963
0 0.402865 0.518519 0.0171875 0.0685185
0 0.564062 0.464352 0.0145833 0.0657407
0 0.835156 0.518519 0.0182292 0.0740741
0 0.660417 0.334722 0.0135417 0.0657407
0 0.973698 0.44537 0.0161458 0.0666667
0 0.822917 0.383333 0.0104167 0.0574074
0 0.453906 0.494444 0.0171875 0.0703704
0 0.498698 0.578241 0.0182292 0.0731481
0 0.930469 0.541204 0.0130208 0.0768519
0 0.560417 0.551852 0.0177083 0.0814815
