0 0.522135 0.312037 0.0119792 0.05
0 0.820833 0.30463 0.0125 0.062963
0 0.521615 0.436574 0.0192708 0.0583333
0 0.222917 0.447222 0.0166667 0.0648148
0 0.538281 0.376389 0.0130208 0.0509259
0 0.582552 0.326852 0.0130208 0.0574074
0 0.422396 0.39213 0.0104167 0.0564815
0 0.865885 0.413426 0.0171875 0.0583333
0 0.291667 0.523611 0.015625 0.0509259
0 0.538542 0.524537 0.0229167 0.0694444
0 0.679427 0.326852 0.0109375 0.0555556
0 0.228125 0.563426 0.0260417 0.0601852
0 0.345573 0.44537 0.0171875 0.062963
0 0.407552 0.575926 0.0171875 0.0685185
0 0.863281 0.531018 0.0203125 0.0675926
0 0.6625 0.356944 0.0135417 0.0564815
0 0.764323 0.492593 0.0119792 0.0685185
