0 0.532031 0.308796 0.0130208 0.0527778
0 0.993229 0.421296 0.0135417 0.0592593
0 0.245573 0.439352 0.0171875 0.0564815
0 0.51224 0.362037 0.0161458 0.0481481
0 0.279687 0.556944 0.0197917 0.0694444
0 0.558594 0.308333 0.0119792 0.0592593
0 0.2875 0.521759 0.0229167 0.0935185
0 0.404687 0.383333 0.0114583 0.0537037
0 0.353906 0.426389 0.0130208 0.0657407
0 0.6875 0.334259 0.0125 0.0537037
0 0.820573 0.509259 0.0161458 0.0722222
0 0.492708 0.421296 0.0135417 0.0555556
0 0.504167 0.506019 0.0166667 0.0638889
0 0.639844 0.346296 0.0140625 0.0555556
0 0.833333 0.4 0.0177083 0.0555556
0 0.754167 0.485185 0.0177083 0.062963
0 0.43151 0.550926 0.0234375 0.0685185
