0 0.647135 0.310185 0.0140625 0.062963
0 0.889063 0.313426 0.0114583 0.0601852
0 0.577865 0.372685 0.0140625 0.0546296
0 0.188542 0.456019 0.0166667 0.0657407
0 0.932031 0.397685 0.0109375 0.0527778
0 0.689844 0.322685 0.0130208 0.0583333
0 0.589583 0.435185 0.021875 0.0555556
0 0.478646 0.390741 0.0125 0.05
0 0.260677 0.623148 0.0182292 0.0518519
0 0.947917 0.545833 0.0208333 0.0675926
0 0.389844 0.443056 0.0203125 0.062037
0 0.381771 0.548611 0.0270833 0.0583333
0 0.445573 0.552315 0.0234375 0.0657407
0 0.604688 0.531018 0.0197917 0.0675926
0 0.838542 0.490278 0.025 0.0638889
