0 0.439323 0.409722 0.0119792 0.0490741
0 0.895573 0.311111 0.0140625 0.0537037
0 0.951042 0.439815 0.0145833 0.0555556
0 0.674219 0.336111 0.0213542 0.0722222
0 0.539844 0.356481 0.0140625 0.0759259
0 0.551302 0.461111 0.0119792 0.0574074
0 0.485677 0.450926 0.0171875 0.0703704
0 0.3875 0.51713 0.0166667 0.0694444
0 0.640625 0.334722 0.0114583 0.0564815
0 0.797917 0.379167 0.0135417 0.0583333
0 0.909635 0.538889 0.0151042 0.0740741
0 0.42474 0.512037 0.0182292 0.0666667
0 0.559635 0.545833 0.0171875 0.0675926
0 0.480208 0.580556 0.0166667 0.0722222
0 0.814323 0.514815 0.0182292 0.0685185
