0 0.409635 0.411111 0.0109375 0.0555556
0 0.507292 0.353241 0.0145833 0.0787037
0 0.636979 0.334259 0.0197917 0.0648148
0 0.851562 0.309259 0.0125 0.0537037
0 0.905208 0.436111 0.0145833 0.0537037
0 0.451302 0.451852 0.0161458 0.0666667
0 0.754427 0.376852 0.0171875 0.0592593
0 0.355469 0.51713 0.0140625 0.062037
0 0.602865 0.333333 0.0109375 0.0537037
0 0.390365 0.514352 0.0182292 0.0657407
0 0.516927 0.456019 0.0119792 0.0601852
0 0.774479 0.513426 0.0177083 0.0694444
0 0.528125 0.541667 0.0145833 0.0666667
0 0.866146 0.532407 0.015625 0.0685185
0 0.446094 0.578704 0.0171875 0.0703704
