0 0.359115 0.439352 0.0192708 0.0490741
0 0.442708 0.409259 0.0114583 0.0518519
0 0.559896 0.462037 0.0114583 0.0666667
0 0.547656 0.355556 0.0161458 0.0777778
0 0.497135 0.450463 0.0182292 0.0694444
0 0.815625 0.382407 0.0114583 0.0574074
0 0.966927 0.443056 0.0151042 0.0601852
0 0.397917 0.518519 0.015625 0.0703704
0 0.564062 0.546296 0.015625 0.0740741
0 0.686979 0.334259 0.0229167 0.0740741
0 0.913021 0.314352 0.015625 0.0546296
0 0.655469 0.334722 0.0130208 0.062037
0 0.924479 0.538426 0.0145833 0.075
0 0.828125 0.516204 0.01875 0.0712963
0 0.442448 0.509722 0.0161458 0.0657407
0 0.491667 0.580556 0.0166667 0.0722222
