0 0.66849 0.326852 0.0130208 0.062963
0 0.876562 0.302778 0.0114583 0.05
0 0.651823 0.33287 0.0140625 0.0564815
0 0.44375 0.411111 0.0125 0.0555556
0 0.535937 0.344907 0.015625 0.0842593
0 0.627604 0.325926 0.0114583 0.0592593
0 0.777344 0.368981 0.0151042 0.0583333
0 0.404427 0.520833 0.0171875 0.0694444
0 0.923958 0.429167 0.0166667 0.0546296
0 0.378385 0.51713 0.0151042 0.0657407
0 0.47526 0.450926 0.0182292 0.062963
0 0.544792 0.448611 0.0145833 0.0601852
0 0.802083 0.515741 0.0177083 0.0648148
0 0.8875 0.53287 0.0177083 0.0712963
0 0.554948 0.535185 0.0151042 0.0666667
0 0.470573 0.577778 0.0171875 0.0722222
