0 0.525781 0.439352 0.0192708 0.0564815
0 0.821354 0.30463 0.0125 0.0648148
0 0.586979 0.328241 0.0125 0.0564815
0 0.540625 0.375926 0.0114583 0.0555556
0 0.678906 0.326852 0.0119792 0.0537037
0 0.871094 0.414352 0.0140625 0.0583333
0 0.220313 0.448611 0.0166667 0.0675926
0 0.426562 0.392593 0.0125 0.0537037
0 0.664323 0.360648 0.0140625 0.0546296
0 0.292188 0.524074 0.015625 0.0518519
0 0.227344 0.565278 0.0244792 0.0601852
0 0.4125 0.572685 0.0177083 0.0657407
0 0.541927 0.522222 0.0213542 0.0703704
0 0.346354 0.44537 0.01875 0.0592593
0 0.869792 0.533333 0.01875 0.0685185
0 0.767448 0.493519 0.0140625 0.0666667
