0 0.554948 0.306944 0.0119792 0.0490741
0 0.402083 0.3875 0.0125 0.0472222
0 0.282552 0.506944 0.0171875 0.0694444
0 0.243229 0.444907 0.0166667 0.0601852
0 0.790104 0.286574 0.0135417 0.0564815
0 0.278906 0.560185 0.0192708 0.0611111
0 0.628906 0.345833 0.0213542 0.0546296
0 0.424219 0.543981 0.0213542 0.0657407
0 0.488802 0.42037 0.0130208 0.0555556
0 0.355208 0.425926 0.0145833 0.0648148
0 0.815625 0.508333 0.01875 0.0648148
0 0.826302 0.399537 0.0140625 0.0527778
0 0.686458 0.336111 0.0125 0.0555556
0 0.749219 0.484722 0.0161458 0.0638889
0 0.497135 0.50787 0.0171875 0.0675926
