0 0.914583 0.3125 0.015625 0.0527778
0 0.669792 0.318519 0.0145833 0.0518519
0 0.597396 0.383333 0.0135417 0.0537037
0 0.505208 0.388889 0.0145833 0.0537037
0 0.189583 0.444444 0.01875 0.0666667
0 0.622917 0.427778 0.0197917 0.0518519
0 0.444271 0.569444 0.01875 0.0648148
0 0.931771 0.380556 0.0135417 0.0537037
0 0.957292 0.546296 0.015625 0.0740741
0 0.416927 0.551852 0.0182292 0.0611111
0 0.871354 0.488426 0.0197917 0.062037
0 0.434115 0.448148 0.0203125 0.0666667
0 0.627344 0.531482 0.0203125 0.0666667
