0 0.91875 0.314352 0.0145833 0.0527778
0 0.673698 0.317593 0.0171875 0.0518519
0 0.601302 0.384722 0.0119792 0.0527778
0 0.510156 0.389815 0.0161458 0.0555556
0 0.448438 0.568519 0.0145833 0.0685185
0 0.194792 0.44537 0.0166667 0.0666667
0 0.628125 0.426389 0.0197917 0.0509259
0 0.961979 0.547685 0.0208333 0.0712963
0 0.421615 0.552315 0.0171875 0.062037
0 0.439323 0.448148 0.0223958 0.0666667
0 0.877344 0.488426 0.0171875 0.0601852
0 0.936458 0.381944 0.0125 0.0527778
0 0.632552 0.532407 0.0192708 0.0685185
