0 0.407552 0.381481 0.0130208 0.0537037
0 0.518229 0.364815 0.0197917 0.0481481
0 0.247135 0.439352 0.0161458 0.0564815
0 0.563021 0.309259 0.0125 0.0537037
0 0.647917 0.347685 0.0177083 0.0564815
0 0.28776 0.537963 0.0244792 0.109259
0 0.355729 0.426852 0.0135417 0.0611111
0 0.690885 0.334259 0.0119792 0.0555556
0 0.497396 0.420833 0.0145833 0.0564815
0 0.838802 0.4 0.0119792 0.0555556
0 0.508333 0.508333 0.0166667 0.0685185
0 0.826563 0.508333 0.015625 0.0666667
0 0.757812 0.486111 0.015625 0.0648148
0 0.438021 0.552315 0.0229167 0.0731481
