0 0.269271 0.543981 0.01875 0.0916667
0 0.981771 0.42963 0.0177083 0.0685185
0 0.511198 0.373148 0.0192708 0.0518519
0 0.553125 0.324537 0.0104167 0.0546296
0 0.490365 0.434259 0.0161458 0.0537037
0 0.648958 0.356944 0.0135417 0.0472222
0 0.226562 0.444444 0.0166667 0.0611111
0 0.278125 0.52037 0.0197917 0.0611111
0 0.677344 0.338889 0.00885417 0.0518519
0 0.265104 0.564352 0.0145833 0.0712963
0 0.838802 0.414352 0.0119792 0.0601852
0 0.336198 0.441204 0.0161458 0.0675926
0 0.826823 0.518981 0.0151042 0.0675926
0 0.502604 0.522685 0.0208333 0.0657407
0 0.392188 0.393056 0.009375 0.0546296
0 0.417708 0.575 0.0197917 0.0759259
0 0.751562 0.493056 0.0145833 0.0712963
