0 0.314583 0.631481 0.0125 0.0351852
0 0.681771 0.317593 0.0145833 0.0518519
0 0.202865 0.442593 0.0171875 0.0666667
0 0.944271 0.380556 0.0135417 0.0518519
0 0.517969 0.390278 0.0161458 0.0490741
0 0.635938 0.427315 0.0197917 0.0509259
0 0.430469 0.551389 0.0203125 0.062037
0 0.457292 0.569444 0.015625 0.0685185
0 0.609635 0.383333 0.0130208 0.0537037
0 0.971354 0.549074 0.01875 0.0722222
0 0.885677 0.488889 0.0192708 0.062963
0 0.447656 0.448148 0.0213542 0.0648148
0 0.640625 0.531944 0.0197917 0.0657407
