0 0.834375 0.30463 0.0125 0.0555556
0 0.627865 0.326852 0.0140625 0.062963
0 0.407292 0.415741 0.0125 0.0574074
0 0.589323 0.330556 0.0130208 0.0555556
0 0.611719 0.337037 0.0151042 0.0537037
0 0.498437 0.347222 0.0145833 0.0796296
0 0.438542 0.45463 0.015625 0.0648148
0 0.342969 0.517593 0.0151042 0.0592593
0 0.36901 0.523148 0.0171875 0.0685185
0 0.507552 0.45 0.0119792 0.0592593
0 0.735677 0.37037 0.0130208 0.0611111
0 0.84401 0.531018 0.0171875 0.0675926
0 0.879687 0.427315 0.0135417 0.0546296
0 0.759896 0.513889 0.0166667 0.062963
0 0.517187 0.535648 0.0145833 0.0657407
0 0.433594 0.57963 0.0182292 0.0777778
