0 0.693229 0.336111 0.0166667 0.0685185
0 0.549479 0.358796 0.0166667 0.0787037
0 0.438281 0.413426 0.0151042 0.0583333
0 0.685938 0.348148 0.0177083 0.0592593
0 0.920052 0.316204 0.0140625 0.0546296
0 0.503125 0.450463 0.0166667 0.0694444
0 0.365365 0.431944 0.0140625 0.0694444
0 0.5625 0.464352 0.015625 0.0657407
0 0.822135 0.383796 0.0109375 0.0564815
0 0.402083 0.517593 0.0177083 0.0685185
0 0.659115 0.333796 0.0119792 0.0638889
0 0.972396 0.444907 0.015625 0.0657407
0 0.453125 0.497222 0.0177083 0.0685185
0 0.928906 0.540278 0.0119792 0.075
0 0.834115 0.517593 0.0171875 0.0722222
0 0.559635 0.551389 0.0171875 0.0787037
0 0.497917 0.577778 0.01875 0.0722222
