0 0.63724 0.32963 0.0140625 0.0555556
0 0.863021 0.301389 0.0114583 0.0527778
0 0.657031 0.323611 0.0119792 0.0583333
0 0.618229 0.323611 0.0125 0.0546296
0 0.439583 0.410185 0.0125 0.05
0 0.392448 0.525463 0.0192708 0.0694444
0 0.764063 0.365741 0.0114583 0.0574074
0 0.907292 0.425463 0.0145833 0.0527778
0 0.529167 0.34537 0.0166667 0.0777778
0 0.545833 0.532407 0.015625 0.0666667
0 0.871875 0.530556 0.0166667 0.0685185
0 0.467187 0.449074 0.0177083 0.0648148
0 0.53776 0.445833 0.0140625 0.0601852
0 0.370573 0.514352 0.0171875 0.0657407
0 0.790885 0.511111 0.0151042 0.0648148
0 0.463281 0.576852 0.0171875 0.0759259
