0 0.607552 0.359259 0.0130208 0.0537037
0 0.666927 0.315741 0.0151042 0.0425926
0 0.964063 0.407407 0.0135417 0.0537037
0 0.613542 0.428704 0.015625 0.0537037
0 0.413542 0.434722 0.0166667 0.062037
0 0.508854 0.384722 0.0208333 0.0490741
0 0.248698 0.445833 0.0151042 0.0638889
0 0.985677 0.538889 0.0171875 0.0740741
0 0.490104 0.53287 0.0229167 0.0564815
0 0.740104 0.331944 0.0135417 0.0583333
0 0.635156 0.524074 0.0244792 0.0666667
0 0.296354 0.605556 0.0177083 0.0796296
0 0.8625 0.489352 0.01875 0.0601852
0 0.407031 0.531944 0.0203125 0.0601852
