0 0.563281 0.366667 0.0130208 0.0574074
0 0.442969 0.540278 0.0223958 0.0546296
0 0.922656 0.409722 0.0140625 0.0546296
0 0.201042 0.456019 0.0135417 0.0638889
0 0.465104 0.391204 0.0197917 0.0509259
0 0.699479 0.336574 0.0135417 0.0546296
0 0.365365 0.443981 0.0161458 0.0601852
0 0.567708 0.437963 0.021875 0.0592593
0 0.941146 0.541204 0.0145833 0.0731481
0 0.24375 0.611574 0.0177083 0.0694444
0 0.356771 0.539815 0.0229167 0.0611111
0 0.817708 0.492593 0.0166667 0.0611111
0 0.589583 0.529167 0.025 0.0675926
