0 0.496354 0.355556 0.0145833 0.0444444
0 0.49375 0.300463 0.0104167 0.0435185
0 0.538281 0.309722 0.0151042 0.0509259
0 0.552604 0.303241 0.0114583 0.0546296
0 0.401823 0.387963 0.0109375 0.05
0 0.248958 0.442593 0.015625 0.0574074
0 0.610417 0.339352 0.01875 0.0601852
0 0.285937 0.536574 0.0197917 0.100926
0 0.686458 0.337963 0.0114583 0.0555556
0 0.486458 0.420833 0.0135417 0.0546296
0 0.363281 0.428241 0.0182292 0.0638889
0 0.410156 0.547222 0.0161458 0.0722222
0 0.803125 0.50463 0.0135417 0.0685185
0 0.740365 0.488426 0.0182292 0.0583333
0 0.489583 0.503704 0.0177083 0.0648148
0 0.816667 0.398148 0.0135417 0.0555556
