0 0.676302 0.324074 0.0161458 0.0555556
0 0.544792 0.369907 0.015625 0.0472222
0 0.846875 0.305093 0.0166667 0.0731481
0 0.608854 0.321759 0.0125 0.0509259
0 0.210417 0.457407 0.0166667 0.0611111
0 0.670573 0.313889 0.0130208 0.0518519
0 0.348958 0.438889 0.0177083 0.0592593
0 0.449219 0.390741 0.0130208 0.0537037
0 0.905469 0.418519 0.0203125 0.0537037
0 0.55026 0.437963 0.0182292 0.0592593
0 0.333854 0.529167 0.015625 0.062037
0 0.922396 0.54213 0.0197917 0.0694444
0 0.79401 0.494444 0.0203125 0.0574074
0 0.565365 0.52963 0.0192708 0.0666667
0 0.686979 0.353704 0.0135417 0.05
0 0.432813 0.55 0.0208333 0.0648148
0 0.23776 0.594907 0.0171875 0.0675926
