0 0.68724 0.345833 0.0182292 0.0601852
0 0.7 0.32963 0.0135417 0.0703704
0 0.694271 0.334259 0.01875 0.0722222
0 0.921875 0.314815 0.015625 0.0555556
0 0.551042 0.360185 0.0166667 0.0777778
0 0.439583 0.413426 0.015625 0.0583333
0 0.367188 0.430093 0.015625 0.0694444
0 0.564583 0.464352 0.0145833 0.0657407
0 0.403646 0.518981 0.015625 0.0694444
0 0.504948 0.451389 0.0171875 0.0712963
0 0.836198 0.518981 0.0182292 0.0731481
0 0.660937 0.334259 0.0135417 0.062963
0 0.975521 0.445833 0.0135417 0.0638889
0 0.93151 0.540741 0.0140625 0.0759259
0 0.823698 0.383796 0.0109375 0.0564815
0 0.454688 0.494907 0.0177083 0.0694444
0 0.561458 0.552315 0.01875 0.0805556
0 0.499219 0.578704 0.0182292 0.0777778
