0 0.304688 0.634722 0.0135417 0.0435185
0 0.917188 0.315278 0.0166667 0.0527778
0 0.672135 0.316667 0.0171875 0.0537037
0 0.600781 0.384259 0.0119792 0.0518519
0 0.194271 0.446296 0.0166667 0.0666667
0 0.508854 0.390278 0.0166667 0.0546296
0 0.626823 0.426389 0.0203125 0.0509259
0 0.960417 0.547222 0.0208333 0.0703704
0 0.447656 0.570833 0.0171875 0.0694444
0 0.875781 0.488426 0.0182292 0.062037
0 0.934896 0.380556 0.0125 0.0537037
0 0.438021 0.448148 0.021875 0.0666667
0 0.420573 0.552315 0.0171875 0.062037
0 0.63151 0.53287 0.0192708 0.0675926
