0 0.272135 0.533333 0.0223958 0.0925926
0 0.53125 0.316667 0.0135417 0.0592593
0 0.783594 0.296759 0.0130208 0.0564815
0 0.238021 0.458796 0.015625 0.0564815
0 0.545833 0.311111 0.009375 0.0537037
0 0.602604 0.347685 0.0177083 0.0546296
0 0.274479 0.557407 0.021875 0.0888889
0 0.68125 0.347222 0.0114583 0.0537037
0 0.398177 0.560648 0.0182292 0.0675926
0 0.354167 0.438889 0.01875 0.0611111
0 0.478125 0.431019 0.0125 0.0527778
0 0.392188 0.397222 0.0114583 0.05
0 0.796615 0.514815 0.0151042 0.0722222
0 0.734635 0.500926 0.0182292 0.0592593
0 0.813021 0.408796 0.0135417 0.0564815
0 0.479948 0.514352 0.0171875 0.0638889
