0 0.882292 0.306481 0.0145833 0.0611111
0 0.655208 0.331481 0.0135417 0.0537037
0 0.444531 0.413426 0.0119792 0.0583333
0 0.630729 0.326389 0.0125 0.0583333
0 0.930729 0.431019 0.015625 0.0546296
0 0.538281 0.346296 0.0151042 0.0777778
0 0.782031 0.369444 0.0161458 0.0592593
0 0.381771 0.516667 0.015625 0.0648148
0 0.410156 0.518519 0.0161458 0.0666667
0 0.478906 0.45 0.0171875 0.0685185
0 0.547135 0.450926 0.0130208 0.0592593
0 0.558333 0.535185 0.0135417 0.0666667
0 0.893229 0.533796 0.0166667 0.0694444
0 0.80651 0.515278 0.0171875 0.0675926
0 0.472656 0.578704 0.0171875 0.0722222
