0 0.495833 0.296296 0.0104167 0.0425926
0 0.246094 0.44213 0.0151042 0.0564815
0 0.788281 0.285648 0.0109375 0.0509259
0 0.401563 0.388426 0.0114583 0.0435185
0 0.535156 0.3125 0.0130208 0.0564815
0 0.503125 0.360648 0.0166667 0.0472222
0 0.553385 0.306019 0.0119792 0.0546296
0 0.357552 0.429167 0.0203125 0.0657407
0 0.28125 0.555093 0.0197917 0.075
0 0.48776 0.419444 0.0119792 0.0574074
0 0.620313 0.344444 0.0197917 0.0518519
0 0.808854 0.506944 0.015625 0.0675926
0 0.492448 0.506481 0.0161458 0.062963
0 0.819792 0.4 0.015625 0.0518519
0 0.417188 0.545833 0.0208333 0.0638889
0 0.74401 0.487963 0.0171875 0.0592593
0 0.686198 0.336111 0.0119792 0.0574074
