0 0.788281 0.285185 0.0119792 0.0555556
0 0.498958 0.357407 0.01875 0.0462963
0 0.552865 0.305093 0.0119792 0.0546296
0 0.401823 0.387963 0.0109375 0.0462963
0 0.247917 0.443056 0.0166667 0.0583333
0 0.536458 0.312037 0.0145833 0.0537037
0 0.359375 0.429167 0.0197917 0.062037
0 0.805469 0.50787 0.0151042 0.0694444
0 0.617188 0.343056 0.0166667 0.0546296
0 0.817969 0.400463 0.0161458 0.0546296
0 0.48724 0.418981 0.0119792 0.0564815
0 0.283594 0.540741 0.0192708 0.103704
0 0.685938 0.3375 0.0114583 0.0564815
0 0.490625 0.505093 0.015625 0.062037
0 0.414583 0.547222 0.0208333 0.0703704
0 0.742448 0.490278 0.0182292 0.0601852
