0 0.476042 0.35463 0.0166667 0.0444444
0 0.831771 0.418519 0.015625 0.0574074
0 0.490104 0.320833 0.0104167 0.0453704
0 0.597656 0.332407 0.0171875 0.0518519
0 0.491146 0.52037 0.0125 0.0648148
0 0.488542 0.438426 0.0125 0.0583333
0 0.40026 0.429167 0.0161458 0.102778
0 0.566146 0.328241 0.0177083 0.062037
0 0.304167 0.513889 0.0135417 0.0611111
0 0.329167 0.540741 0.0177083 0.0740741
0 0.698698 0.355093 0.0119792 0.0583333
0 0.797656 0.518056 0.0161458 0.075
0 0.734896 0.506481 0.015625 0.0666667
0 0.403385 0.575926 0.0182292 0.0722222
