0 0.554688 0.312963 0.0166667 0.0574074
0 0.789062 0.287963 0.0125 0.0518519
0 0.598177 0.32963 0.0171875 0.0555556
0 0.48776 0.423611 0.0161458 0.0564815
0 0.404427 0.390278 0.0109375 0.0509259
0 0.261719 0.443519 0.0161458 0.0648148
0 0.382292 0.425463 0.0125 0.0675926
0 0.690365 0.342593 0.0109375 0.0574074
0 0.794792 0.499074 0.0166667 0.0666667
0 0.490104 0.505556 0.0135417 0.0648148
0 0.289844 0.505093 0.0192708 0.062037
0 0.821354 0.400926 0.0145833 0.0574074
0 0.73776 0.491667 0.0182292 0.062963
0 0.314583 0.547685 0.0239583 0.0657407
0 0.40599 0.553241 0.0192708 0.0694444
