0 0.832812 0.286574 0.0125 0.0546296
0 0.542448 0.292593 0.00989583 0.0388889
0 0.599219 0.308796 0.0130208 0.0527778
0 0.28724 0.435648 0.0151042 0.0564815
0 0.445052 0.380093 0.0130208 0.0509259
0 0.555208 0.363426 0.0177083 0.0472222
0 0.536979 0.418519 0.015625 0.0574074
0 0.688542 0.348611 0.015625 0.0527778
0 0.551562 0.506019 0.01875 0.0638889
0 0.394531 0.426389 0.0161458 0.0675926
0 0.330729 0.531944 0.0229167 0.112037
0 0.86875 0.505556 0.0166667 0.0685185
0 0.797396 0.485648 0.0177083 0.0694444
0 0.724479 0.33287 0.0125 0.0564815
0 0.478906 0.549074 0.0192708 0.0740741
0 0.878385 0.4 0.0119792 0.0574074
