0 0.444531 0.408333 0.0119792 0.0537037
0 0.909375 0.312037 0.0145833 0.0537037
0 0.559375 0.461574 0.0114583 0.0638889
0 0.548177 0.356019 0.0161458 0.0787037
0 0.686198 0.337037 0.0213542 0.0759259
0 0.496094 0.452315 0.0182292 0.0694444
0 0.396875 0.518056 0.015625 0.0694444
0 0.813281 0.380556 0.0130208 0.0592593
0 0.964583 0.441667 0.0145833 0.0592593
0 0.652865 0.333333 0.0109375 0.0592593
0 0.922396 0.538889 0.0135417 0.0759259
0 0.439844 0.50787 0.0171875 0.0675926
0 0.826302 0.516204 0.0192708 0.0731481
0 0.564844 0.546759 0.0171875 0.0694444
0 0.490365 0.581481 0.0171875 0.0759259
