0 0.900781 0.302778 0.0140625 0.05
0 0.564062 0.356944 0.0145833 0.0453704
0 0.578646 0.319907 0.0114583 0.0416667
0 0.659375 0.327315 0.0197917 0.062037
0 0.690625 0.331944 0.0166667 0.0527778
0 0.584375 0.528704 0.0166667 0.0666667
0 0.935938 0.425463 0.015625 0.0564815
0 0.39401 0.516204 0.0151042 0.0675926
0 0.490625 0.42963 0.0166667 0.105556
0 0.797396 0.359259 0.0114583 0.0592593
0 0.579687 0.441204 0.0145833 0.0601852
0 0.835156 0.514815 0.0161458 0.0666667
0 0.41849 0.543056 0.0223958 0.0712963
0 0.904688 0.530093 0.01875 0.0694444
0 0.494531 0.581019 0.0182292 0.0731481
