0 0.661719 0.327778 0.0213542 0.062963
0 0.578385 0.322222 0.0109375 0.0425926
0 0.691927 0.331944 0.0161458 0.0546296
0 0.903385 0.302778 0.0130208 0.0518519
0 0.563542 0.356944 0.0145833 0.0453704
0 0.396354 0.517593 0.0177083 0.0611111
0 0.938542 0.430093 0.01875 0.0564815
0 0.583594 0.531944 0.0161458 0.0675926
0 0.832812 0.518056 0.0177083 0.0694444
0 0.492969 0.437963 0.0203125 0.087037
0 0.798698 0.362963 0.0130208 0.0574074
0 0.579427 0.443981 0.0140625 0.0583333
0 0.420573 0.544907 0.0203125 0.0712963
0 0.905729 0.533333 0.01875 0.0740741
0 0.495313 0.581019 0.01875 0.0731481
