0 0.648958 0.341667 0.0166667 0.0574074
0 0.661979 0.33287 0.01875 0.075
0 0.40599 0.4125 0.0130208 0.0509259
0 0.880729 0.314352 0.0135417 0.0527778
0 0.516406 0.363889 0.0171875 0.0759259
0 0.933073 0.439815 0.0119792 0.0611111
0 0.3375 0.430093 0.0177083 0.0657407
0 0.784896 0.381944 0.0104167 0.0601852
0 0.424479 0.496759 0.0166667 0.0657407
0 0.529948 0.463889 0.0140625 0.0648148
0 0.372396 0.518056 0.015625 0.0694444
0 0.471615 0.45 0.0151042 0.0722222
0 0.627344 0.338426 0.0130208 0.0601852
0 0.526302 0.551852 0.0192708 0.0703704
0 0.796615 0.514352 0.0182292 0.0675926
0 0.890625 0.535648 0.0114583 0.0694444
0 0.46849 0.575926 0.0171875 0.0703704
