0 0.55026 0.309722 0.0192708 0.0583333
0 0.257812 0.440278 0.0177083 0.062037
0 0.786198 0.287037 0.0119792 0.0537037
0 0.597135 0.331481 0.0140625 0.0537037
0 0.285937 0.508333 0.0177083 0.0611111
0 0.488021 0.505556 0.0125 0.0648148
0 0.374479 0.425463 0.0177083 0.0657407
0 0.402083 0.390278 0.0104167 0.0527778
0 0.484635 0.423148 0.0130208 0.0537037
0 0.79401 0.497685 0.0171875 0.0712963
0 0.68776 0.340278 0.0119792 0.0546296
0 0.735677 0.488889 0.0171875 0.0611111
0 0.307552 0.547222 0.0255208 0.0648148
0 0.817708 0.401389 0.0125 0.0564815
0 0.404687 0.549537 0.021875 0.0712963
