0 0.674219 0.334722 0.0182292 0.062037
0 0.679427 0.331481 0.0161458 0.0648148
0 0.446354 0.414815 0.015625 0.0611111
0 0.949479 0.440278 0.0166667 0.0546296
0 0.544531 0.353704 0.0151042 0.0814815
0 0.640625 0.334259 0.0104167 0.0574074
0 0.388542 0.518056 0.0145833 0.0657407
0 0.795833 0.376852 0.0177083 0.0574074
0 0.553385 0.458333 0.0119792 0.0611111
0 0.48776 0.450926 0.0171875 0.0703704
0 0.422396 0.516667 0.0166667 0.0666667
0 0.909115 0.5375 0.0171875 0.0731481
0 0.565885 0.543981 0.0161458 0.0675926
0 0.48151 0.581019 0.0161458 0.0712963
0 0.816927 0.516667 0.0171875 0.0722222
