0 0.70026 0.32963 0.0130208 0.0703704
0 0.68724 0.346296 0.0182292 0.0592593
0 0.694531 0.334259 0.0192708 0.0722222
0 0.550781 0.360648 0.0161458 0.0768519
0 0.921875 0.314815 0.015625 0.0555556
0 0.439323 0.413426 0.0161458 0.0583333
0 0.366927 0.430556 0.0161458 0.0685185
0 0.564323 0.463889 0.0140625 0.0648148
0 0.403906 0.518981 0.0161458 0.0694444
0 0.836198 0.518519 0.0182292 0.0722222
0 0.504687 0.451389 0.0177083 0.0712963
0 0.660937 0.333796 0.0135417 0.0638889
0 0.975521 0.445833 0.0135417 0.0638889
0 0.93151 0.540278 0.0140625 0.0768519
0 0.823698 0.383796 0.0109375 0.0564815
0 0.454688 0.494444 0.0177083 0.0703704
0 0.561198 0.552315 0.0182292 0.0805556
0 0.499219 0.578241 0.0182292 0.0768519
