0 0.684375 0.347222 0.0197917 0.0574074
0 0.690885 0.335648 0.0182292 0.0694444
0 0.436198 0.410648 0.0140625 0.0546296
0 0.547656 0.35787 0.0171875 0.0787037
0 0.363802 0.430556 0.0171875 0.0648148
0 0.50026 0.451389 0.0171875 0.0675926
0 0.559635 0.464815 0.0140625 0.0648148
0 0.819531 0.383796 0.0119792 0.0564815
0 0.970312 0.444444 0.0125 0.0611111
0 0.451823 0.498148 0.0171875 0.0703704
0 0.658073 0.334259 0.0151042 0.0648148
0 0.916406 0.315741 0.0130208 0.0555556
0 0.39974 0.51713 0.0161458 0.0712963
0 0.557292 0.552315 0.0166667 0.0768519
0 0.926562 0.538889 0.0135417 0.0722222
0 0.496094 0.577778 0.0192708 0.0722222
0 0.833073 0.516667 0.0203125 0.0722222
