0 0.68724 0.345833 0.0182292 0.0601852
0 0.70026 0.329167 0.0140625 0.0712963
0 0.695052 0.333796 0.0192708 0.0731481
0 0.551042 0.361111 0.0197917 0.0740741
0 0.922656 0.315741 0.0161458 0.0537037
0 0.367448 0.430556 0.0151042 0.0685185
0 0.439583 0.413426 0.015625 0.0564815
0 0.661458 0.334722 0.0125 0.062037
0 0.505208 0.451852 0.0166667 0.0740741
0 0.565104 0.464352 0.0145833 0.0657407
0 0.403646 0.519444 0.0166667 0.0685185
0 0.976042 0.446759 0.0135417 0.0638889
0 0.932292 0.540278 0.0135417 0.075
0 0.836458 0.519444 0.0197917 0.0722222
0 0.454688 0.494907 0.0177083 0.0694444
0 0.823958 0.383796 0.0114583 0.0583333
0 0.561458 0.552778 0.01875 0.0796296
0 0.499219 0.578704 0.0182292 0.0777778
