0 0.358594 0.440741 0.0182292 0.0462963
0 0.444792 0.408796 0.0125 0.0527778
0 0.559896 0.4625 0.0114583 0.0657407
0 0.547656 0.355556 0.0161458 0.0777778
0 0.496094 0.451852 0.0182292 0.0685185
0 0.965625 0.44213 0.0145833 0.0601852
0 0.686198 0.337037 0.0223958 0.0740741
0 0.397396 0.518056 0.0166667 0.0694444
0 0.814323 0.381481 0.0119792 0.0592593
0 0.653906 0.334722 0.0119792 0.0601852
0 0.911458 0.312963 0.0145833 0.0555556
0 0.827344 0.515741 0.0192708 0.0722222
0 0.491146 0.581019 0.0177083 0.075
0 0.564583 0.547222 0.0166667 0.0722222
0 0.441667 0.507407 0.0166667 0.0666667
0 0.923177 0.538426 0.0130208 0.075
