0 0.308073 0.633333 0.0140625 0.037037
0 0.676302 0.31713 0.0161458 0.0527778
0 0.511719 0.390278 0.0140625 0.0527778
0 0.450781 0.569907 0.0151042 0.0675926
0 0.196875 0.443981 0.0166667 0.0675926
0 0.424479 0.552778 0.01875 0.0611111
0 0.603125 0.384259 0.0114583 0.0537037
0 0.963021 0.546296 0.021875 0.0722222
0 0.630469 0.426389 0.0192708 0.0509259
0 0.938542 0.381019 0.0125 0.0527778
0 0.441406 0.448148 0.0192708 0.062963
0 0.879167 0.488889 0.0197917 0.0611111
0 0.634635 0.531944 0.0192708 0.0675926
