38 0.326562 0.534722 0.0239583 0.10463
0 0.540365 0.294444 0.00885417 0.0407407
0 0.830208 0.2875 0.0135417 0.0546296
0 0.565365 0.312037 0.0151042 0.0555556
0 0.553385 0.363426 0.0171875 0.0472222
0 0.284896 0.437037 0.015625 0.0592593
0 0.595833 0.309259 0.0125 0.0537037
0 0.443229 0.380093 0.0135417 0.0509259
0 0.534896 0.419907 0.0166667 0.0583333
0 0.685938 0.349074 0.0166667 0.0555556
0 0.548698 0.50787 0.0182292 0.0675926
0 0.391146 0.425926 0.0145833 0.0666667
0 0.721875 0.330556 0.0104167 0.0555556
0 0.794531 0.485648 0.0151042 0.0638889
0 0.327344 0.531944 0.0255208 0.110185
0 0.865365 0.505556 0.0151042 0.0685185
0 0.876042 0.399074 0.0114583 0.0555556
0 0.477865 0.55 0.0192708 0.0740741
