0 0.888542 0.30463 0.0104167 0.0462963
0 0.678906 0.329167 0.0161458 0.0564815
0 0.480729 0.436574 0.01875 0.0731481
0 0.55 0.359722 0.0135417 0.0435185
0 0.471615 0.405093 0.0119792 0.0490741
0 0.385938 0.519444 0.01875 0.0592593
0 0.569531 0.530556 0.0171875 0.0685185
0 0.565104 0.447222 0.0135417 0.0518519
0 0.783854 0.362037 0.0125 0.0537037
0 0.484635 0.450926 0.0182292 0.0648148
0 0.409375 0.539815 0.0177083 0.0722222
0 0.922917 0.427778 0.0145833 0.0555556
0 0.817187 0.514815 0.0166667 0.0666667
0 0.891146 0.534259 0.0177083 0.0703704
0 0.483594 0.581944 0.0171875 0.075
