0 0.992188 0.418519 0.015625 0.0592593
0 0.407292 0.381481 0.0125 0.0537037
0 0.246875 0.438889 0.0135417 0.0555556
0 0.517708 0.364815 0.01875 0.0481481
0 0.288542 0.536111 0.0260417 0.112963
0 0.5625 0.308796 0.0125 0.0546296
0 0.647135 0.347685 0.0171875 0.0583333
0 0.497135 0.420833 0.0151042 0.0564815
0 0.355469 0.426389 0.0130208 0.0601852
0 0.690625 0.334259 0.0114583 0.0555556
0 0.838802 0.399537 0.0119792 0.0564815
0 0.826302 0.508796 0.0151042 0.0675926
0 0.508073 0.508333 0.0161458 0.0685185
0 0.757812 0.485648 0.015625 0.0638889
0 0.43776 0.552315 0.0234375 0.0731481
