0 0.522396 0.30463 0.015625 0.0555556
0 0.821615 0.30463 0.0130208 0.0685185
0 0.492708 0.301389 0.0104167 0.0416667
0 0.535937 0.436574 0.0145833 0.062037
0 0.591927 0.325 0.0109375 0.0555556
0 0.342708 0.445833 0.021875 0.0546296
0 0.424219 0.561111 0.0182292 0.0685185
0 0.216927 0.453241 0.0161458 0.0657407
0 0.436719 0.390741 0.0119792 0.0555556
0 0.303906 0.521759 0.0192708 0.0564815
0 0.671875 0.343056 0.01875 0.0898148
0 0.77526 0.495833 0.0203125 0.0657407
0 0.884115 0.414815 0.0182292 0.0592593
0 0.226562 0.569444 0.0239583 0.0666667
0 0.891927 0.540741 0.0307292 0.0703704
0 0.552865 0.526389 0.0151042 0.0657407
