0 0.661458 0.306481 0.009375 0.0481481
0 0.628646 0.319907 0.0104167 0.0472222
0 0.20026 0.457407 0.0140625 0.062963
0 0.565365 0.365741 0.0119792 0.0537037
0 0.925 0.408333 0.0166667 0.05
0 0.466406 0.389352 0.0161458 0.0472222
0 0.571615 0.4375 0.0161458 0.0601852
0 0.700521 0.334722 0.0114583 0.0583333
0 0.944271 0.540741 0.0166667 0.0722222
0 0.359115 0.539815 0.0213542 0.0592593
0 0.36901 0.441204 0.0171875 0.0638889
0 0.245052 0.612963 0.0182292 0.062963
0 0.591146 0.52963 0.021875 0.0685185
0 0.821094 0.49213 0.0203125 0.062037
