0 0.9125 0.315741 0.0145833 0.0518519
0 0.667448 0.316204 0.0171875 0.0527778
0 0.296094 0.631481 0.0130208 0.037037
0 0.95599 0.54537 0.0171875 0.0703704
0 0.59401 0.381481 0.0130208 0.0555556
0 0.442708 0.567593 0.01875 0.0703704
0 0.188802 0.443519 0.0182292 0.0685185
0 0.502344 0.388426 0.0151042 0.0527778
0 0.93151 0.381019 0.0140625 0.0546296
0 0.620313 0.426389 0.0197917 0.0527778
0 0.414844 0.552315 0.0213542 0.0601852
0 0.869271 0.487963 0.0197917 0.062963
0 0.623698 0.532407 0.0161458 0.0666667
0 0.430469 0.448611 0.0192708 0.0675926
