0 0.852865 0.286111 0.0130208 0.0537037
0 0.597917 0.311574 0.0145833 0.0527778
0 0.558854 0.294907 0.009375 0.0435185
0 0.309635 0.441667 0.0161458 0.0537037
0 0.567187 0.361111 0.0166667 0.0444444
0 0.615625 0.305556 0.0125 0.05
0 0.464844 0.388426 0.0109375 0.0416667
0 0.686719 0.347222 0.0182292 0.0555556
0 0.880729 0.514352 0.015625 0.0657407
0 0.561719 0.506481 0.0171875 0.062963
0 0.552865 0.42037 0.0130208 0.0555556
0 0.751823 0.337963 0.0109375 0.0537037
0 0.890104 0.403704 0.015625 0.0537037
0 0.347396 0.531482 0.0177083 0.118519
0 0.485938 0.547222 0.0177083 0.0648148
0 0.421094 0.431019 0.0213542 0.062037
0 0.814583 0.491667 0.0135417 0.0592593
