0 0.992188 0.418981 0.015625 0.0583333
0 0.246094 0.439815 0.0171875 0.0574074
0 0.514844 0.364815 0.0161458 0.05
0 0.642708 0.346296 0.0166667 0.0537037
0 0.560417 0.308333 0.0114583 0.0574074
0 0.40599 0.382407 0.0130208 0.0537037
0 0.286458 0.535185 0.0270833 0.116667
0 0.834896 0.4 0.015625 0.0574074
0 0.354688 0.425926 0.0125 0.0611111
0 0.50625 0.507407 0.0166667 0.0666667
0 0.494531 0.421759 0.0151042 0.0564815
0 0.688802 0.333796 0.0119792 0.0546296
0 0.822656 0.508796 0.0161458 0.0712963
0 0.755469 0.486574 0.0171875 0.062037
0 0.434115 0.550926 0.0223958 0.0685185
