0 0.521615 0.315741 0.0109375 0.0481481
0 0.817448 0.310185 0.0119792 0.0537037
0 0.528906 0.378241 0.0182292 0.0453704
0 0.511458 0.436111 0.0145833 0.0611111
0 0.991146 0.433796 0.0177083 0.0638889
0 0.288542 0.523611 0.0177083 0.0509259
0 0.852344 0.413889 0.0151042 0.0537037
0 0.226562 0.446296 0.0177083 0.0648148
0 0.571615 0.325463 0.00989583 0.0546296
0 0.678385 0.331481 0.0109375 0.0537037
0 0.244531 0.561574 0.0223958 0.0601852
0 0.524479 0.523148 0.0177083 0.0685185
0 0.660156 0.353704 0.0130208 0.0555556
0 0.759896 0.49537 0.0166667 0.0648148
0 0.411719 0.393981 0.00989583 0.0546296
0 0.849479 0.531018 0.0197917 0.0694444
0 0.340885 0.443519 0.0161458 0.062963
0 0.402865 0.578704 0.0182292 0.0722222
