0 0.804688 0.297222 0.0135417 0.0740741
0 0.555729 0.331481 0.0114583 0.05
0 0.515885 0.375926 0.0151042 0.0481481
0 0.498177 0.436574 0.0182292 0.0564815
0 0.657031 0.358796 0.0130208 0.0490741
0 0.261979 0.560185 0.01875 0.0648148
0 0.509896 0.521296 0.0177083 0.0648148
0 0.279167 0.522222 0.0260417 0.062963
0 0.979167 0.431019 0.0135417 0.0657407
0 0.226823 0.44537 0.0161458 0.0648148
0 0.840885 0.412963 0.0119792 0.0555556
0 0.398958 0.39213 0.0135417 0.0527778
0 0.834896 0.525926 0.0177083 0.0703704
0 0.677604 0.336111 0.0104167 0.0555556
0 0.336979 0.443519 0.015625 0.0666667
0 0.754427 0.495833 0.0151042 0.0694444
0 0.405729 0.583796 0.028125 0.0675926
