0 0.492448 0.400926 0.0119792 0.05
0 0.566927 0.35463 0.0140625 0.0462963
0 0.579687 0.313889 0.0114583 0.0481481
0 0.582812 0.518981 0.0145833 0.0675926
0 0.891146 0.296759 0.0125 0.0546296
0 0.650781 0.322222 0.0151042 0.062963
0 0.897917 0.523148 0.0145833 0.0703704
0 0.93125 0.42037 0.0166667 0.0555556
0 0.353125 0.44537 0.0197917 0.0666667
0 0.477604 0.436574 0.0125 0.0731481
0 0.384375 0.514352 0.0166667 0.0657407
0 0.689323 0.332407 0.0119792 0.0574074
0 0.577865 0.436111 0.0140625 0.0611111
0 0.791146 0.356944 0.0125 0.0564815
0 0.410677 0.549537 0.0192708 0.0712963
0 0.494271 0.575 0.0177083 0.0777778
0 0.838542 0.512037 0.0229167 0.0648148
