0 0.901563 0.311574 0.0145833 0.0509259
0 0.546354 0.353704 0.0145833 0.0796296
0 0.447396 0.409722 0.0104167 0.0546296
0 0.95599 0.439815 0.0171875 0.0574074
0 0.68099 0.333333 0.0203125 0.0685185
0 0.645573 0.332407 0.0119792 0.0574074
0 0.557292 0.456019 0.0135417 0.0638889
0 0.39349 0.516204 0.0151042 0.0657407
0 0.803906 0.377315 0.0171875 0.0601852
0 0.429688 0.513426 0.0177083 0.0675926
0 0.491146 0.452315 0.0197917 0.0712963
0 0.567187 0.54537 0.0166667 0.0703704
0 0.917188 0.5375 0.0166667 0.0694444
0 0.821875 0.515741 0.0177083 0.0740741
0 0.484896 0.581481 0.01875 0.0777778
