0 0.686979 0.346296 0.0177083 0.0592593
0 0.694792 0.333333 0.01875 0.0722222
0 0.552604 0.368519 0.0166667 0.0666667
0 0.921875 0.315278 0.0145833 0.0583333
0 0.439063 0.412963 0.0145833 0.0574074
0 0.366406 0.430556 0.0171875 0.0648148
0 0.564062 0.464352 0.0135417 0.0638889
0 0.835417 0.517593 0.0177083 0.0722222
0 0.403125 0.518981 0.0166667 0.0694444
0 0.503906 0.451389 0.0171875 0.0712963
0 0.660937 0.334722 0.0135417 0.0657407
0 0.974219 0.445833 0.0161458 0.0657407
0 0.823177 0.383796 0.0109375 0.0564815
0 0.560677 0.551389 0.0182292 0.0805556
0 0.930729 0.540278 0.0145833 0.0768519
0 0.454427 0.493981 0.0171875 0.0712963
0 0.498958 0.578241 0.01875 0.0768519
