0 0.61875 0.326389 0.0145833 0.0564815
0 0.515625 0.356019 0.0135417 0.0453704
0 0.847135 0.296296 0.0109375 0.05
0 0.642708 0.326389 0.0125 0.0546296
0 0.534635 0.526852 0.0140625 0.0685185
0 0.434896 0.403704 0.0104167 0.05
0 0.882031 0.422222 0.0151042 0.0592593
0 0.35599 0.512963 0.0171875 0.062963
0 0.77526 0.509259 0.0182292 0.062963
0 0.745313 0.360185 0.0125 0.0574074
0 0.454427 0.447222 0.0182292 0.0574074
0 0.85026 0.524537 0.0213542 0.0712963
0 0.528646 0.441667 0.0135417 0.0592593
0 0.450781 0.574074 0.0171875 0.0740741
0 0.380469 0.530556 0.0192708 0.0648148
