0 0.516927 0.361574 0.0171875 0.0731481
0 0.405729 0.412963 0.0114583 0.0537037
0 0.883073 0.3125 0.0130208 0.0546296
0 0.341406 0.42963 0.0171875 0.0648148
0 0.665365 0.328241 0.0140625 0.0675926
0 0.53099 0.463889 0.0151042 0.0666667
0 0.936458 0.438889 0.0145833 0.062963
0 0.373698 0.518519 0.0161458 0.0685185
0 0.629948 0.338426 0.0140625 0.0601852
0 0.473437 0.450463 0.015625 0.0694444
0 0.788802 0.382407 0.0119792 0.0611111
0 0.429427 0.493981 0.0130208 0.0638889
0 0.52526 0.556481 0.0203125 0.0685185
0 0.798437 0.514352 0.0166667 0.0675926
0 0.471615 0.575463 0.0182292 0.0712963
0 0.892708 0.536574 0.0135417 0.0694444
