0 0.578906 0.362963 0.0171875 0.0425926
0 0.872656 0.301389 0.0171875 0.062037
0 0.707292 0.310185 0.0125 0.0537037
0 0.642187 0.313889 0.0114583 0.05
0 0.257552 0.444907 0.0140625 0.0601852
0 0.935156 0.412037 0.0192708 0.0555556
0 0.389062 0.427315 0.0208333 0.0546296
0 0.586458 0.425463 0.01875 0.0527778
0 0.486719 0.381019 0.0130208 0.0490741
0 0.372396 0.515278 0.01875 0.0601852
0 0.720052 0.35 0.0140625 0.05
0 0.479167 0.538889 0.0197917 0.0611111
0 0.824479 0.487037 0.0208333 0.0574074
0 0.285156 0.573611 0.0203125 0.0657407
0 0.954687 0.531482 0.0177083 0.0703704
0 0.604427 0.515741 0.0203125 0.0685185
