0 0.661719 0.332407 0.0161458 0.0611111
0 0.444792 0.413889 0.0125 0.0592593
0 0.656771 0.335648 0.015625 0.0564815
0 0.632031 0.325463 0.0119792 0.0601852
0 0.883333 0.306019 0.0125 0.0601852
0 0.932552 0.42963 0.0161458 0.0555556
0 0.782812 0.369907 0.0166667 0.0638889
0 0.382552 0.51713 0.0151042 0.0657407
0 0.539323 0.346759 0.0140625 0.075
0 0.411198 0.517593 0.0161458 0.0685185
0 0.479427 0.45 0.0171875 0.0666667
0 0.894531 0.533796 0.0161458 0.0694444
0 0.547917 0.451389 0.0125 0.0601852
0 0.559635 0.536111 0.0119792 0.0685185
0 0.807292 0.514352 0.0177083 0.0675926
0 0.473177 0.578241 0.0171875 0.0731481
