0 0.542969 0.37037 0.0171875 0.0425926
0 0.607031 0.32037 0.0140625 0.05
0 0.680729 0.337963 0.0166667 0.0592593
0 0.21224 0.45787 0.0171875 0.0601852
0 0.671094 0.314352 0.0130208 0.0527778
0 0.841667 0.306019 0.01875 0.0657407
0 0.347135 0.437963 0.0182292 0.0592593
0 0.901302 0.419444 0.0203125 0.0574074
0 0.329948 0.529167 0.0203125 0.0583333
0 0.448177 0.391204 0.0140625 0.0527778
0 0.547917 0.437963 0.01875 0.0611111
0 0.684115 0.357407 0.0161458 0.0518519
0 0.7875 0.495833 0.0260417 0.0601852
0 0.434635 0.551389 0.0203125 0.0657407
0 0.23724 0.5875 0.0192708 0.0731481
0 0.91901 0.538889 0.0192708 0.0722222
0 0.564062 0.528241 0.021875 0.0675926
