0 0.271094 0.516204 0.0213542 0.062037
0 0.484375 0.365278 0.015625 0.0490741
0 0.533594 0.318056 0.0161458 0.0546296
0 0.546615 0.311574 0.0109375 0.0546296
0 0.783594 0.294444 0.0130208 0.0537037
0 0.278385 0.559259 0.0234375 0.0740741
0 0.59974 0.34537 0.0171875 0.0537037
0 0.35625 0.437963 0.0177083 0.0611111
0 0.238542 0.458333 0.015625 0.0574074
0 0.68125 0.347222 0.0114583 0.0537037
0 0.397396 0.561111 0.01875 0.0685185
0 0.391667 0.397685 0.0125 0.0490741
0 0.477604 0.433796 0.0125 0.0546296
0 0.733854 0.500926 0.01875 0.0574074
0 0.794531 0.513426 0.0171875 0.0694444
0 0.8125 0.408796 0.0135417 0.0564815
0 0.479948 0.513426 0.0171875 0.0638889
