0 0.660677 0.307407 0.00885417 0.0481481
0 0.567187 0.369444 0.0135417 0.0574074
0 0.444792 0.539815 0.01875 0.0592593
0 0.19974 0.456944 0.0140625 0.062037
0 0.629427 0.32037 0.0119792 0.0481481
0 0.925781 0.40787 0.0171875 0.0509259
0 0.467187 0.389352 0.0145833 0.0490741
0 0.572917 0.436111 0.0145833 0.062963
0 0.700781 0.333796 0.0109375 0.0583333
0 0.361979 0.538889 0.01875 0.0592593
0 0.591667 0.530556 0.0197917 0.0666667
0 0.945052 0.540741 0.0151042 0.0722222
0 0.369792 0.441204 0.0177083 0.0657407
0 0.246094 0.612037 0.0203125 0.0592593
0 0.821354 0.493056 0.0229167 0.0601852
