0 0.993229 0.421759 0.0135417 0.0601852
0 0.511458 0.362963 0.015625 0.0481481
0 0.245312 0.438426 0.0145833 0.0546296
0 0.557813 0.30787 0.0114583 0.0583333
0 0.278906 0.55787 0.0203125 0.0675926
0 0.286719 0.521296 0.0234375 0.0907407
0 0.404167 0.384722 0.0114583 0.0527778
0 0.638802 0.347222 0.0130208 0.0574074
0 0.820312 0.508796 0.015625 0.0712963
0 0.353385 0.426389 0.0140625 0.0675926
0 0.686979 0.334722 0.0125 0.0546296
0 0.491667 0.420833 0.0135417 0.0564815
0 0.832552 0.399074 0.0171875 0.0555556
0 0.503646 0.505556 0.0177083 0.0648148
0 0.753906 0.485185 0.0182292 0.062963
0 0.430208 0.550463 0.025 0.0657407
