0 0.69349 0.310648 0.0130208 0.062037
0 0.625521 0.371759 0.015625 0.0546296
0 0.735937 0.322222 0.0125 0.0574074
0 0.63776 0.431944 0.0213542 0.0527778
0 0.242708 0.449074 0.0145833 0.062963
0 0.978906 0.398611 0.0119792 0.0546296
0 0.435677 0.542593 0.0296875 0.0574074
0 0.317969 0.61713 0.0182292 0.0564815
0 0.527083 0.387037 0.0114583 0.05
0 0.498177 0.547685 0.0244792 0.0694444
0 0.654427 0.527315 0.0192708 0.0694444
0 0.439844 0.438889 0.0203125 0.062963
0 0.888021 0.488426 0.0260417 0.0638889
