0 0.282552 0.50787 0.0151042 0.0694444
0 0.788802 0.286574 0.0109375 0.0527778
0 0.401302 0.388889 0.0119792 0.0444444
0 0.24401 0.443981 0.0161458 0.0583333
0 0.504948 0.361574 0.0161458 0.0435185
0 0.534375 0.3125 0.0125 0.0564815
0 0.553385 0.306481 0.0130208 0.0537037
0 0.488021 0.418981 0.0125 0.0583333
0 0.280208 0.558796 0.0197917 0.0657407
0 0.821094 0.401389 0.0130208 0.0509259
0 0.419271 0.544907 0.01875 0.0657407
0 0.623177 0.345833 0.0203125 0.0564815
0 0.35625 0.427315 0.0177083 0.0675926
0 0.810417 0.506944 0.0166667 0.0675926
0 0.746094 0.485185 0.0171875 0.062963
0 0.685938 0.336111 0.0114583 0.0574074
0 0.49401 0.506481 0.0171875 0.0648148
