0 0.70625 0.34537 0.015625 0.0611111
0 0.710938 0.318056 0.0145833 0.0657407
0 0.852865 0.301389 0.0130208 0.062037
0 0.386198 0.431019 0.0223958 0.0527778
0 0.264583 0.439352 0.0145833 0.0638889
0 0.629427 0.315278 0.00989583 0.0509259
0 0.477344 0.378241 0.0140625 0.0509259
0 0.349219 0.508796 0.0182292 0.0564815
0 0.576563 0.424074 0.0145833 0.0574074
0 0.917969 0.403704 0.0182292 0.0537037
0 0.46901 0.548148 0.0203125 0.0685185
0 0.927083 0.525926 0.0302083 0.0666667
0 0.278125 0.553704 0.0239583 0.0685185
0 0.81224 0.486574 0.0203125 0.0657407
0 0.59349 0.512963 0.0182292 0.0648148
