0 0.918229 0.314352 0.015625 0.0509259
0 0.672917 0.316204 0.0177083 0.0527778
0 0.601042 0.384259 0.0125 0.0518519
0 0.194531 0.445833 0.0161458 0.0675926
0 0.509375 0.390741 0.0145833 0.0555556
0 0.447917 0.570833 0.0177083 0.0675926
0 0.627344 0.426852 0.0213542 0.0518519
0 0.961198 0.547222 0.0203125 0.0703704
0 0.876823 0.488426 0.0171875 0.0601852
0 0.438802 0.448148 0.0213542 0.0666667
0 0.421354 0.552315 0.0177083 0.062037
0 0.935677 0.381944 0.0119792 0.0527778
0 0.632031 0.532407 0.0192708 0.0685185
