0 0.804948 0.287963 0.0130208 0.0555556
0 0.25625 0.4375 0.0177083 0.0527778
0 0.527344 0.366204 0.0140625 0.0472222
0 0.659375 0.348148 0.0177083 0.0555556
0 0.570312 0.308796 0.0135417 0.0546296
0 0.415625 0.381944 0.0145833 0.0546296
0 0.695573 0.33287 0.0119792 0.0564815
0 0.3625 0.426389 0.015625 0.0638889
0 0.296875 0.533333 0.025 0.112963
0 0.507292 0.420833 0.0145833 0.0564815
0 0.83724 0.505093 0.0171875 0.0694444
0 0.848698 0.397685 0.0130208 0.0601852
0 0.766927 0.485648 0.0171875 0.0657407
0 0.446615 0.552778 0.0203125 0.0703704
0 0.520312 0.508796 0.0197917 0.0657407
