0 0.615365 0.322222 0.0119792 0.0555556
0 0.632292 0.327778 0.0125 0.0537037
0 0.857552 0.298611 0.0109375 0.0490741
0 0.527344 0.344444 0.0171875 0.0777778
0 0.652604 0.325463 0.0135417 0.0583333
0 0.439063 0.408796 0.0114583 0.0509259
0 0.758333 0.364815 0.0125 0.0611111
0 0.534635 0.442593 0.0119792 0.0611111
0 0.463021 0.449537 0.0177083 0.062037
0 0.899219 0.425926 0.0140625 0.0537037
0 0.389323 0.526852 0.0151042 0.0703704
0 0.366667 0.513426 0.015625 0.0657407
0 0.866927 0.528241 0.0161458 0.0675926
0 0.542708 0.531482 0.0166667 0.0648148
0 0.459635 0.577315 0.0171875 0.0731481
0 0.785937 0.510648 0.0166667 0.0675926
