0 0.475 0.354167 0.0166667 0.0453704
0 0.489583 0.320833 0.0114583 0.0453704
0 0.595312 0.331944 0.0166667 0.0546296
0 0.326042 0.540278 0.0177083 0.0731481
0 0.490104 0.518981 0.0135417 0.0638889
0 0.564062 0.326389 0.015625 0.062037
0 0.486458 0.438426 0.0135417 0.062037
0 0.696615 0.355556 0.0130208 0.0592593
0 0.830208 0.416204 0.015625 0.0564815
0 0.397917 0.432407 0.0177083 0.0962963
0 0.795833 0.515278 0.0166667 0.0712963
0 0.301562 0.515741 0.015625 0.062963
0 0.735156 0.506019 0.0161458 0.0657407
0 0.401042 0.574537 0.0166667 0.0694444
