0 0.571354 0.309722 0.0114583 0.0527778
0 0.35 0.506019 0.0166667 0.0527778
0 0.620833 0.316667 0.0125 0.0555556
0 0.580729 0.363426 0.0177083 0.0490741
0 0.288021 0.430556 0.0177083 0.062963
0 0.707031 0.339815 0.0151042 0.0592593
0 0.726302 0.322222 0.00989583 0.0518519
0 0.466406 0.378704 0.0109375 0.05
0 0.398698 0.428241 0.0161458 0.0601852
0 0.309896 0.543981 0.0208333 0.0564815
0 0.564583 0.420833 0.0125 0.0583333
0 0.463542 0.559259 0.01875 0.0722222
0 0.579167 0.506944 0.0166667 0.0675926
0 0.898958 0.401852 0.0135417 0.0537037
0 0.898438 0.515278 0.0177083 0.0657407
0 0.808854 0.484259 0.01875 0.0611111
