0 0.364323 0.448611 0.0182292 0.0361111
0 0.701563 0.32963 0.0125 0.062963
0 0.464844 0.413426 0.0130208 0.0583333
0 0.563281 0.353704 0.0151042 0.0833333
0 0.440625 0.515741 0.0166667 0.0648148
0 0.660156 0.333333 0.0109375 0.0592593
0 0.40599 0.519444 0.0140625 0.0648148
0 0.919792 0.311574 0.0135417 0.0564815
0 0.505729 0.452778 0.0177083 0.0722222
0 0.972917 0.442593 0.0177083 0.0611111
0 0.819271 0.37963 0.01875 0.0611111
0 0.838802 0.52037 0.0171875 0.0703704
0 0.585156 0.54537 0.0140625 0.0685185
0 0.932552 0.539815 0.0161458 0.0722222
0 0.572656 0.458796 0.0119792 0.062037
0 0.498698 0.58287 0.0182292 0.0787037
