0 0.628646 0.375463 0.0208333 0.0564815
0 0.698177 0.309259 0.0203125 0.0592593
0 0.239583 0.449074 0.0166667 0.0666667
0 0.646354 0.425 0.0145833 0.05
0 0.732031 0.319907 0.0130208 0.0546296
0 0.325781 0.621296 0.0151042 0.0518519
0 0.98151 0.396759 0.0109375 0.0527778
0 0.534375 0.386574 0.01875 0.0472222
0 0.448438 0.445833 0.0177083 0.0601852
0 0.440885 0.547222 0.0255208 0.0574074
0 0.499219 0.554167 0.0255208 0.0712963
0 0.661458 0.52963 0.0197917 0.0666667
0 0.897135 0.489352 0.0234375 0.0638889
