0 0.533333 0.342593 0.0166667 0.087037
0 0.645052 0.333333 0.0140625 0.0537037
0 0.623958 0.324537 0.0125 0.0583333
0 0.663802 0.325 0.0130208 0.062963
0 0.871615 0.293981 0.0130208 0.0657407
0 0.442448 0.408333 0.0119792 0.05
0 0.771875 0.368519 0.0145833 0.0592593
0 0.4 0.519907 0.015625 0.0675926
0 0.882292 0.530556 0.0166667 0.0685185
0 0.917708 0.426852 0.0177083 0.0537037
0 0.376563 0.515741 0.0166667 0.0666667
0 0.472656 0.449537 0.0171875 0.0657407
0 0.797135 0.513426 0.0182292 0.0694444
0 0.542448 0.447685 0.0140625 0.062037
0 0.551562 0.535185 0.0135417 0.0666667
0 0.467448 0.576852 0.0161458 0.0740741
