0 0.566667 0.358333 0.0166667 0.0537037
0 0.41849 0.527315 0.0244792 0.0657407
0 0.659115 0.327315 0.0119792 0.0546296
0 0.908594 0.306481 0.0119792 0.0518519
0 0.695833 0.32963 0.0135417 0.0574074
0 0.569792 0.344907 0.0197917 0.0787037
0 0.479688 0.408796 0.0125 0.0472222
0 0.833594 0.521296 0.0171875 0.0666667
0 0.502083 0.453704 0.0177083 0.0611111
0 0.577344 0.449074 0.0140625 0.0555556
0 0.402083 0.519907 0.0197917 0.0657407
0 0.947396 0.430556 0.0166667 0.0611111
0 0.803646 0.36713 0.0114583 0.0601852
0 0.584635 0.535648 0.0140625 0.0712963
0 0.42526 0.534259 0.0182292 0.0685185
0 0.915365 0.537037 0.0182292 0.0722222
0 0.498177 0.583333 0.0192708 0.0796296
