0 0.488542 0.349074 0.0135417 0.0462963
0 0.500521 0.309259 0.0114583 0.0481481
0 0.414583 0.389352 0.0104167 0.0472222
0 0.278906 0.438426 0.0182292 0.0601852
0 0.401042 0.428241 0.0135417 0.0657407
0 0.800781 0.287963 0.0130208 0.05
0 0.308854 0.505556 0.0166667 0.062963
0 0.605469 0.326852 0.0130208 0.0555556
0 0.415885 0.560648 0.0171875 0.0731481
0 0.56875 0.315741 0.0135417 0.0592593
0 0.497917 0.426389 0.015625 0.0564815
0 0.835677 0.406019 0.0140625 0.0546296
0 0.703125 0.346759 0.0125 0.0527778
0 0.746875 0.493519 0.0197917 0.0648148
0 0.802865 0.505093 0.0119792 0.0675926
0 0.501823 0.508796 0.0161458 0.0675926
0 0.335417 0.538426 0.01875 0.0694444
