0 0.516406 0.373148 0.0140625 0.0481481
0 0.500521 0.436111 0.0177083 0.0574074
0 0.657552 0.357407 0.0130208 0.0518519
0 0.557031 0.330093 0.0119792 0.0509259
0 0.4 0.391204 0.0145833 0.0509259
0 0.260156 0.560185 0.0192708 0.0611111
0 0.510938 0.522685 0.01875 0.0675926
0 0.226042 0.445833 0.015625 0.0638889
0 0.979427 0.431481 0.0140625 0.0648148
0 0.279427 0.523611 0.0255208 0.0601852
0 0.841927 0.4125 0.0119792 0.0546296
0 0.677344 0.335648 0.0109375 0.0546296
0 0.835938 0.526389 0.01875 0.0712963
0 0.3375 0.443519 0.015625 0.0666667
0 0.755208 0.496296 0.0166667 0.0685185
0 0.405208 0.583333 0.025 0.0703704
