0 0.522135 0.367593 0.0171875 0.0462963
0 0.802083 0.287037 0.0125 0.0518519
0 0.250781 0.4375 0.0151042 0.0564815
0 0.566667 0.309722 0.0125 0.0546296
0 0.411458 0.38287 0.0145833 0.0546296
0 0.653906 0.346759 0.0161458 0.0546296
0 0.358594 0.426852 0.0151042 0.0666667
0 0.292969 0.536111 0.0234375 0.112963
0 0.502083 0.421296 0.0145833 0.0574074
0 0.844792 0.399074 0.0125 0.0574074
0 0.693229 0.333796 0.0114583 0.0583333
0 0.514063 0.50787 0.0177083 0.0638889
0 0.832031 0.506481 0.0151042 0.0703704
0 0.76224 0.486574 0.0182292 0.0694444
0 0.442448 0.550926 0.0213542 0.0740741
