0 0.323698 0.632407 0.0130208 0.0351852
0 0.21224 0.443519 0.0161458 0.062963
0 0.526042 0.389815 0.0166667 0.0537037
0 0.465365 0.569907 0.0182292 0.0712963
0 0.953125 0.38287 0.0125 0.0527778
0 0.690104 0.316667 0.015625 0.0537037
0 0.439844 0.55 0.0192708 0.0592593
0 0.616406 0.383333 0.0119792 0.0537037
0 0.64401 0.425463 0.0192708 0.0509259
0 0.978385 0.548148 0.0203125 0.0703704
0 0.455469 0.447222 0.0182292 0.0666667
0 0.894271 0.489352 0.0197917 0.0638889
0 0.647917 0.53287 0.01875 0.0657407
