0 0.258854 0.438426 0.0166667 0.0546296
0 0.516927 0.293981 0.00989583 0.0416667
0 0.530469 0.364352 0.0171875 0.0472222
0 0.574479 0.308796 0.0135417 0.0546296
0 0.663542 0.348148 0.015625 0.0537037
0 0.301042 0.531482 0.0260417 0.109259
0 0.41875 0.380556 0.0135417 0.0537037
0 0.365885 0.425 0.0140625 0.062963
0 0.510677 0.420833 0.0151042 0.0564815
0 0.770052 0.485648 0.0151042 0.0657407
0 0.840365 0.505093 0.0171875 0.0694444
0 0.699479 0.333796 0.0125 0.0564815
0 0.451042 0.553241 0.0197917 0.0712963
0 0.522135 0.509259 0.0182292 0.0666667
0 0.852344 0.399537 0.0109375 0.0546296
