0 0.54375 0.366204 0.0125 0.0416667
0 0.675 0.333333 0.0145833 0.0851852
0 0.495313 0.301852 0.0104167 0.05
0 0.601562 0.321759 0.0125 0.0509259
0 0.678646 0.346296 0.0197917 0.0722222
0 0.214062 0.455093 0.0177083 0.0657407
0 0.54349 0.434259 0.0151042 0.0555556
0 0.442448 0.389352 0.0119792 0.0509259
0 0.343229 0.443056 0.0229167 0.0564815
0 0.892708 0.415741 0.0145833 0.0574074
0 0.560677 0.526852 0.0213542 0.0666667
0 0.321875 0.522685 0.0208333 0.0638889
0 0.240625 0.583796 0.0260417 0.0583333
0 0.908594 0.538889 0.0182292 0.0722222
0 0.782552 0.49537 0.0192708 0.0574074
0 0.432552 0.554167 0.0171875 0.0694444
