0 0.633854 0.309722 0.0125 0.0583333
0 0.625 0.312963 0.0177083 0.0574074
0 0.330208 0.446759 0.015625 0.0601852
0 0.36224 0.510185 0.0182292 0.0648148
0 0.875 0.291204 0.0135417 0.0564815
0 0.481771 0.391204 0.0114583 0.0472222
0 0.373698 0.555093 0.0192708 0.0712963
0 0.690625 0.343981 0.0197917 0.0583333
0 0.907031 0.406481 0.0140625 0.0555556
0 0.448177 0.43287 0.0161458 0.062037
0 0.771875 0.34537 0.0104167 0.0537037
0 0.567969 0.426852 0.0151042 0.0555556
0 0.828385 0.501389 0.0203125 0.0564815
0 0.571615 0.512037 0.0171875 0.0666667
0 0.891927 0.513426 0.0171875 0.0712963
0 0.492188 0.55463 0.0197917 0.0685185
