0 0.497917 0.356481 0.0177083 0.0444444
0 0.247917 0.442593 0.015625 0.0574074
0 0.402083 0.387037 0.0104167 0.0425926
0 0.552604 0.304167 0.0114583 0.0546296
0 0.53724 0.311111 0.0151042 0.0518519
0 0.614323 0.341204 0.0151042 0.0509259
0 0.41224 0.548148 0.0171875 0.0685185
0 0.361198 0.428241 0.0192708 0.0601852
0 0.285937 0.551389 0.0208333 0.0787037
0 0.686198 0.337963 0.0119792 0.0555556
0 0.804948 0.506481 0.0140625 0.0666667
0 0.490104 0.505093 0.015625 0.0638889
0 0.486979 0.419444 0.0125 0.0555556
0 0.817187 0.4 0.015625 0.0555556
0 0.741406 0.490278 0.0182292 0.0601852
