0 0.510677 0.363426 0.0161458 0.0453704
0 0.245052 0.439815 0.0140625 0.0537037
0 0.992969 0.421296 0.0140625 0.0611111
0 0.557031 0.30787 0.0119792 0.0527778
0 0.285677 0.506944 0.0203125 0.0675926
0 0.403385 0.386111 0.0109375 0.0518519
0 0.279948 0.560185 0.0223958 0.0611111
0 0.791146 0.288889 0.0135417 0.0537037
0 0.635156 0.347222 0.0140625 0.0574074
0 0.81901 0.508333 0.0161458 0.0703704
0 0.490885 0.42037 0.0130208 0.0555556
0 0.353646 0.425463 0.0145833 0.0657407
0 0.83125 0.399537 0.0166667 0.0546296
0 0.429688 0.549074 0.0260417 0.0611111
0 0.501562 0.506944 0.0197917 0.0675926
0 0.686719 0.335648 0.0130208 0.0546296
0 0.751823 0.486111 0.0182292 0.0648148
