0 0.344792 0.52037 0.0239583 0.087037
0 0.57526 0.363426 0.0171875 0.0453704
0 0.577083 0.319444 0.0145833 0.0611111
0 0.714063 0.343519 0.0114583 0.0481481
0 0.614583 0.318056 0.0125 0.0490741
0 0.353906 0.503704 0.0192708 0.0574074
0 0.560417 0.42037 0.01875 0.0518519
0 0.339583 0.541667 0.0166667 0.0685185
0 0.734115 0.326389 0.00989583 0.0601852
0 0.57526 0.506019 0.0182292 0.0675926
0 0.297917 0.431019 0.0166667 0.0583333
0 0.461719 0.376852 0.0119792 0.0537037
0 0.405469 0.426389 0.0140625 0.0657407
0 0.897656 0.401852 0.0119792 0.0518519
0 0.813802 0.481944 0.0151042 0.0638889
0 0.892969 0.508796 0.0171875 0.0638889
0 0.478385 0.5625 0.0255208 0.0694444
