0 0.86224 0.291667 0.00989583 0.05
0 0.566146 0.296759 0.009375 0.0416667
0 0.57526 0.360648 0.0151042 0.0472222
0 0.604167 0.309722 0.0114583 0.0509259
0 0.472396 0.388889 0.0114583 0.0407407
0 0.559375 0.419444 0.0135417 0.0555556
0 0.623438 0.306944 0.0114583 0.0546296
0 0.353906 0.532407 0.0182292 0.116667
0 0.49375 0.547222 0.0208333 0.0648148
0 0.427344 0.429167 0.0192708 0.0638889
0 0.697135 0.346296 0.0213542 0.0592593
0 0.898698 0.403704 0.0140625 0.0518519
0 0.314844 0.44213 0.0130208 0.0546296
0 0.758854 0.337963 0.0114583 0.0592593
0 0.892187 0.511574 0.0166667 0.0657407
0 0.823177 0.490741 0.0161458 0.062963
0 0.569531 0.50787 0.0171875 0.0638889
