0 0.446615 0.415278 0.0119792 0.0638889
0 0.673177 0.331481 0.0213542 0.0685185
0 0.54375 0.350463 0.0145833 0.075
0 0.94401 0.437963 0.0171875 0.0555556
0 0.485156 0.450926 0.0171875 0.0703704
0 0.891667 0.30787 0.0125 0.0583333
0 0.552865 0.45463 0.0109375 0.062963
0 0.419792 0.515741 0.0145833 0.0666667
0 0.386979 0.517593 0.0166667 0.0666667
0 0.639063 0.331019 0.0114583 0.0601852
0 0.904688 0.535648 0.015625 0.0712963
0 0.566406 0.539352 0.0140625 0.0675926
0 0.813542 0.514815 0.0177083 0.0666667
0 0.792448 0.374537 0.0182292 0.0583333
0 0.479427 0.579167 0.0171875 0.0731481
