0 0.323958 0.440278 0.01875 0.0490741
0 0.408854 0.409722 0.009375 0.0527778
0 0.865885 0.312037 0.0140625 0.0518519
0 0.510938 0.356019 0.0166667 0.0712963
0 0.647135 0.336111 0.0203125 0.0740741
0 0.771615 0.380556 0.0119792 0.0574074
0 0.919271 0.438426 0.0145833 0.0546296
0 0.460938 0.452778 0.0166667 0.0703704
0 0.523177 0.462037 0.0119792 0.062963
0 0.364062 0.51713 0.0135417 0.0657407
0 0.615365 0.335648 0.0109375 0.0564815
0 0.527865 0.541667 0.0151042 0.0703704
0 0.45599 0.578704 0.0171875 0.0703704
0 0.40651 0.508796 0.0161458 0.0675926
0 0.878906 0.534259 0.0140625 0.0703704
0 0.785417 0.514815 0.01875 0.0722222
