0 0.514844 0.375926 0.0182292 0.0462963
0 0.804688 0.296296 0.0135417 0.0777778
0 0.555208 0.330093 0.0114583 0.0509259
0 0.654948 0.359259 0.0119792 0.0481481
0 0.496094 0.438426 0.0203125 0.0583333
0 0.263281 0.560648 0.0192708 0.0675926
0 0.279687 0.522222 0.025 0.0648148
0 0.978906 0.430556 0.0140625 0.0666667
0 0.509115 0.522222 0.0171875 0.0648148
0 0.397135 0.39213 0.0119792 0.0564815
0 0.227083 0.445833 0.0166667 0.0657407
0 0.840365 0.4125 0.0119792 0.0546296
0 0.833594 0.524074 0.0182292 0.0666667
0 0.677344 0.335648 0.00989583 0.0546296
0 0.336719 0.444907 0.0151042 0.0694444
0 0.753646 0.49537 0.0145833 0.0703704
0 0.40651 0.583333 0.0296875 0.0722222
