0 0.64375 0.33287 0.0135417 0.0509259
0 0.870052 0.301852 0.0119792 0.0537037
0 0.532812 0.341204 0.015625 0.0842593
0 0.622656 0.325 0.0119792 0.0592593
0 0.441927 0.408333 0.0119792 0.05
0 0.770573 0.367593 0.0140625 0.0574074
0 0.398958 0.520833 0.015625 0.0675926
0 0.880729 0.531944 0.0177083 0.0657407
0 0.915625 0.427778 0.015625 0.0555556
0 0.471615 0.45 0.0171875 0.0648148
0 0.376042 0.515741 0.015625 0.0666667
0 0.795833 0.512963 0.0177083 0.0685185
0 0.550781 0.533333 0.0140625 0.0666667
0 0.541667 0.447222 0.0135417 0.0611111
0 0.467187 0.577315 0.0177083 0.0768519
