0 0.808333 0.289815 0.0114583 0.0518519
0 0.507031 0.310185 0.0119792 0.0444444
0 0.289323 0.4375 0.0192708 0.0564815
0 0.320833 0.505093 0.0177083 0.0657407
0 0.50599 0.428704 0.0151042 0.0537037
0 0.6125 0.326389 0.0145833 0.0527778
0 0.422917 0.567593 0.0166667 0.0703704
0 0.711719 0.35 0.0130208 0.0555556
0 0.510156 0.512037 0.0151042 0.0703704
0 0.81224 0.506019 0.0161458 0.0694444
0 0.844792 0.40787 0.0145833 0.0527778
0 0.346615 0.534722 0.0192708 0.0694444
0 0.752865 0.494907 0.0171875 0.0638889
0 0.417708 0.42037 0.0177083 0.0962963
0 0.578906 0.317593 0.0140625 0.0611111
