0 0.456771 0.409722 0.0125 0.0546296
0 0.559375 0.357407 0.015625 0.0833333
0 0.696354 0.338426 0.021875 0.075
0 0.570052 0.462037 0.0130208 0.0611111
0 0.405729 0.517593 0.0135417 0.0648148
0 0.977083 0.443519 0.0135417 0.0611111
0 0.66276 0.335648 0.0109375 0.0601852
0 0.504948 0.453704 0.0192708 0.0703704
0 0.823177 0.380556 0.0119792 0.0611111
0 0.445573 0.511111 0.0161458 0.0685185
0 0.922135 0.312037 0.0140625 0.0555556
0 0.934896 0.541667 0.0135417 0.0777778
0 0.839844 0.518519 0.0213542 0.0722222
0 0.499479 0.58287 0.0177083 0.0787037
0 0.578906 0.549537 0.0182292 0.0712963
