0 0.918229 0.314352 0.0145833 0.0527778
0 0.30599 0.632407 0.0130208 0.037037
0 0.673437 0.31713 0.0177083 0.0527778
0 0.601042 0.384259 0.0125 0.0518519
0 0.194792 0.445833 0.0166667 0.0675926
0 0.509375 0.389815 0.0145833 0.0555556
0 0.448177 0.568981 0.0151042 0.0675926
0 0.627604 0.426852 0.0208333 0.0518519
0 0.961719 0.547685 0.0203125 0.0712963
0 0.421354 0.552315 0.0177083 0.062037
0 0.438802 0.448148 0.0213542 0.0666667
0 0.876823 0.488426 0.0171875 0.062037
0 0.936198 0.382407 0.0119792 0.0518519
0 0.632552 0.532407 0.0192708 0.0685185
