0 0.815885 0.2875 0.0109375 0.0509259
0 0.536719 0.363426 0.0151042 0.0490741
0 0.579948 0.308796 0.0119792 0.0546296
0 0.66901 0.348148 0.0171875 0.0518519
0 0.425 0.382407 0.0145833 0.0518519
0 0.265365 0.437037 0.0182292 0.0574074
0 0.70599 0.333333 0.0119792 0.0574074
0 0.857813 0.399537 0.0125 0.0546296
0 0.516406 0.421759 0.0161458 0.0564815
0 0.372135 0.426389 0.0140625 0.0657407
0 0.530208 0.508333 0.0166667 0.0648148
0 0.776302 0.484722 0.0161458 0.0657407
0 0.307813 0.53287 0.0239583 0.117593
0 0.847396 0.50463 0.0177083 0.0685185
0 0.457552 0.551389 0.0182292 0.075
