0 0.474479 0.357407 0.0125 0.0444444
0 0.257812 0.448611 0.01875 0.0638889
0 0.789062 0.294444 0.0125 0.05
0 0.48099 0.434722 0.0140625 0.0564815
0 0.399219 0.401852 0.0119792 0.0518519
0 0.382812 0.437037 0.0135417 0.0685185
0 0.483073 0.514815 0.0140625 0.0666667
0 0.552604 0.323148 0.0145833 0.0592593
0 0.591927 0.333796 0.0140625 0.0564815
0 0.396094 0.572685 0.0182292 0.0694444
0 0.790104 0.514352 0.0135417 0.0694444
0 0.288021 0.515741 0.01875 0.0648148
0 0.822396 0.414815 0.015625 0.0592593
0 0.314063 0.549537 0.01875 0.0694444
0 0.689062 0.35463 0.0114583 0.0555556
0 0.733333 0.504167 0.0208333 0.062037
