0 0.602865 0.309259 0.0109375 0.0518519
0 0.469531 0.388889 0.0130208 0.0444444
0 0.620052 0.306019 0.0109375 0.0564815
0 0.316667 0.444444 0.0166667 0.0574074
0 0.428125 0.430556 0.0229167 0.062963
0 0.756771 0.340741 0.0125 0.0537037
0 0.682813 0.343981 0.01875 0.0601852
0 0.881771 0.512963 0.015625 0.0666667
0 0.816146 0.497685 0.0197917 0.0601852
0 0.55599 0.424537 0.0140625 0.0546296
0 0.355469 0.534259 0.0192708 0.116667
0 0.892448 0.406019 0.0161458 0.0564815
0 0.560156 0.510648 0.0161458 0.0657407
0 0.483333 0.551852 0.0166667 0.0685185
