0 0.550781 0.368981 0.0161458 0.0564815
0 0.614583 0.320833 0.0114583 0.0490741
0 0.510938 0.309722 0.0104167 0.0435185
0 0.207031 0.455556 0.0161458 0.0611111
0 0.666146 0.312963 0.0104167 0.0518519
0 0.453906 0.388426 0.0119792 0.0527778
0 0.690885 0.344907 0.0140625 0.0509259
0 0.353646 0.436111 0.0208333 0.0574074
0 0.555469 0.435185 0.0151042 0.0555556
0 0.911458 0.415741 0.0135417 0.0537037
0 0.93151 0.54213 0.0213542 0.0694444
0 0.803385 0.494444 0.0203125 0.0574074
0 0.569271 0.528704 0.0177083 0.0648148
0 0.431771 0.542593 0.0197917 0.0592593
0 0.238542 0.601852 0.0166667 0.0685185
0 0.341667 0.533333 0.0166667 0.062963
