0 0.675521 0.31713 0.0125 0.0472222
0 0.183073 0.451852 0.0151042 0.0666667
0 0.276042 0.627315 0.0177083 0.0398148
0 0.48724 0.387963 0.0151042 0.0481481
0 0.930729 0.389352 0.0125 0.0564815
0 0.585677 0.37963 0.0130208 0.0518519
0 0.392708 0.552315 0.0166667 0.0601852
0 0.950781 0.542593 0.0171875 0.0740741
0 0.408333 0.447222 0.0197917 0.0611111
0 0.603906 0.428704 0.0151042 0.0555556
0 0.44401 0.559722 0.0203125 0.0657407
0 0.851823 0.489815 0.0140625 0.0592593
0 0.613021 0.531482 0.025 0.0685185
