0 0.31849 0.631944 0.0140625 0.0342593
0 0.929948 0.314815 0.0140625 0.0537037
0 0.207292 0.443981 0.015625 0.0657407
0 0.684896 0.31713 0.0166667 0.0527778
0 0.639583 0.427315 0.0208333 0.0509259
0 0.613281 0.385185 0.0119792 0.0518519
0 0.521615 0.390741 0.0171875 0.0518519
0 0.974219 0.548611 0.0192708 0.0712963
0 0.434115 0.551389 0.0171875 0.0638889
0 0.947396 0.381481 0.0125 0.0518519
0 0.461198 0.571759 0.0171875 0.0675926
0 0.889323 0.488426 0.0161458 0.0601852
0 0.451302 0.448148 0.0203125 0.0648148
0 0.644271 0.531018 0.0197917 0.0694444
