0 0.407552 0.413426 0.0109375 0.0546296
0 0.670573 0.325463 0.0140625 0.0712963
0 0.344792 0.42963 0.0166667 0.0703704
0 0.521875 0.3625 0.01875 0.0768519
0 0.477865 0.450463 0.0151042 0.0694444
0 0.654167 0.347685 0.0197917 0.0638889
0 0.433333 0.492593 0.0145833 0.0703704
0 0.633594 0.337963 0.0130208 0.0574074
0 0.888802 0.3125 0.0140625 0.0527778
0 0.377865 0.516667 0.0151042 0.0703704
0 0.534896 0.463426 0.015625 0.0694444
0 0.792448 0.382407 0.0130208 0.0611111
0 0.897135 0.537037 0.0140625 0.0740741
0 0.803646 0.515741 0.015625 0.0703704
0 0.473958 0.574537 0.0177083 0.0731481
0 0.940625 0.440278 0.0125 0.0638889
0 0.528125 0.556019 0.0208333 0.0694444
