0 0.522656 0.36713 0.0171875 0.0472222
0 0.802083 0.287037 0.0125 0.0518519
0 0.566927 0.309722 0.0130208 0.0546296
0 0.251042 0.437037 0.015625 0.0555556
0 0.654427 0.347222 0.0161458 0.0537037
0 0.411719 0.382407 0.0151042 0.0537037
0 0.29349 0.535185 0.0223958 0.112963
0 0.502865 0.421296 0.0151042 0.0555556
0 0.358854 0.426852 0.0145833 0.0666667
0 0.514323 0.508333 0.0171875 0.0648148
0 0.69349 0.333796 0.0119792 0.0583333
0 0.844792 0.399074 0.0125 0.0574074
0 0.832552 0.505556 0.0151042 0.0703704
0 0.7625 0.486574 0.0177083 0.0694444
0 0.442969 0.551389 0.0213542 0.0731481
