0 0.684635 0.347222 0.0192708 0.0574074
0 0.690365 0.335648 0.0182292 0.0694444
0 0.436979 0.410185 0.0135417 0.0537037
0 0.363542 0.431944 0.0177083 0.0657407
0 0.547656 0.35787 0.0171875 0.0787037
0 0.45026 0.500463 0.0171875 0.0712963
0 0.49974 0.451389 0.0171875 0.0675926
0 0.819271 0.383796 0.0125 0.0564815
0 0.559896 0.464815 0.0135417 0.0648148
0 0.970052 0.44537 0.0151042 0.0648148
0 0.658073 0.334722 0.0140625 0.0638889
0 0.399219 0.517593 0.0161458 0.0722222
0 0.916406 0.315278 0.0130208 0.0546296
0 0.557813 0.550926 0.0166667 0.0777778
0 0.926562 0.538889 0.0135417 0.0740741
0 0.495833 0.577778 0.01875 0.0722222
0 0.832292 0.516204 0.0197917 0.0712963
