0 0.916667 0.313889 0.0166667 0.0537037
0 0.670833 0.317593 0.015625 0.0537037
0 0.507031 0.389352 0.0151042 0.0546296
0 0.624479 0.426852 0.0197917 0.0518519
0 0.932813 0.380556 0.0135417 0.0537037
0 0.599479 0.383796 0.0125 0.0527778
0 0.959115 0.546759 0.0171875 0.0731481
0 0.445312 0.57037 0.0166667 0.0685185
0 0.191146 0.446296 0.0166667 0.0666667
0 0.41849 0.551852 0.0182292 0.0611111
0 0.872917 0.488889 0.01875 0.062963
0 0.436458 0.448148 0.0208333 0.0666667
0 0.629167 0.531944 0.01875 0.0657407
