0 0.61849 0.305556 0.0119792 0.0537037
0 0.601302 0.3125 0.0140625 0.0509259
0 0.560156 0.299074 0.00989583 0.0444444
0 0.567708 0.361111 0.015625 0.0425926
0 0.311979 0.443519 0.015625 0.0537037
0 0.467708 0.387963 0.0114583 0.0388889
0 0.684635 0.345833 0.0182292 0.0564815
0 0.880729 0.514815 0.015625 0.0666667
0 0.351042 0.534259 0.01875 0.112963
0 0.561198 0.507407 0.0171875 0.0648148
0 0.425 0.430556 0.021875 0.0648148
0 0.815104 0.492593 0.0166667 0.0611111
0 0.753906 0.339815 0.0109375 0.0537037
0 0.890885 0.405556 0.0161458 0.0537037
0 0.553646 0.421759 0.0135417 0.0583333
0 0.485938 0.55 0.021875 0.0685185
