0 0.583333 0.359722 0.0125 0.0509259
0 0.538802 0.288889 0.00885417 0.0333333
0 0.628125 0.317593 0.0104167 0.0462963
0 0.270312 0.437963 0.0135417 0.0592593
0 0.716667 0.317593 0.0114583 0.0462963
0 0.703385 0.350463 0.0161458 0.0527778
0 0.911458 0.40463 0.0145833 0.0537037
0 0.39401 0.430556 0.0182292 0.0611111
0 0.570833 0.423611 0.0177083 0.0527778
0 0.913021 0.522222 0.0177083 0.0648148
0 0.34401 0.506944 0.0151042 0.0546296
0 0.472917 0.37963 0.0135417 0.0518519
0 0.282552 0.549537 0.0234375 0.0564815
0 0.464323 0.550926 0.0182292 0.0685185
0 0.809896 0.483796 0.0145833 0.0638889
0 0.590104 0.511574 0.0197917 0.062037
