0 0.788802 0.284722 0.0119792 0.0546296
0 0.495052 0.296759 0.0109375 0.0416667
0 0.247396 0.442593 0.0166667 0.0574074
0 0.401563 0.388426 0.0114583 0.0453704
0 0.501042 0.359259 0.0177083 0.0462963
0 0.807292 0.50787 0.0145833 0.0694444
0 0.553125 0.305556 0.0114583 0.0537037
0 0.535417 0.3125 0.0135417 0.0546296
0 0.358854 0.42963 0.0197917 0.062963
0 0.4875 0.418519 0.0125 0.0574074
0 0.618229 0.343056 0.0177083 0.0527778
0 0.491146 0.505556 0.015625 0.062963
0 0.282292 0.537963 0.01875 0.111111
0 0.81875 0.4 0.0166667 0.0537037
0 0.685938 0.336574 0.0114583 0.0564815
0 0.416406 0.545833 0.0223958 0.0675926
0 0.742708 0.488889 0.0197917 0.0592593
