0 0.369531 0.474537 0.0161458 0.037963
0 0.563542 0.3875 0.0166667 0.0787037
0 0.70026 0.369444 0.0223958 0.0703704
0 0.460938 0.440741 0.0114583 0.0555556
0 0.926302 0.343519 0.0119792 0.0611111
0 0.826823 0.408796 0.0130208 0.0564815
0 0.666667 0.362037 0.0114583 0.0574074
0 0.509635 0.483333 0.0182292 0.0740741
0 0.574219 0.488426 0.0140625 0.0675926
0 0.98125 0.471759 0.0135417 0.0583333
0 0.410156 0.548611 0.0161458 0.0694444
0 0.504427 0.609722 0.0171875 0.0787037
0 0.45 0.539352 0.0166667 0.0694444
0 0.843229 0.547685 0.0197917 0.0712963
0 0.582812 0.578704 0.0177083 0.0685185
0 0.939323 0.571759 0.0140625 0.075
