0 0.699219 0.328241 0.0140625 0.0675926
0 0.692187 0.336574 0.0177083 0.0675926
0 0.686458 0.346759 0.01875 0.0601852
0 0.921094 0.315741 0.0140625 0.0555556
0 0.55 0.360185 0.015625 0.0777778
0 0.438542 0.413426 0.0135417 0.0564815
0 0.366146 0.431019 0.015625 0.0675926
0 0.504167 0.450463 0.015625 0.0712963
0 0.563802 0.464352 0.0140625 0.0657407
0 0.834896 0.518519 0.0177083 0.0740741
0 0.402865 0.518519 0.0171875 0.0685185
0 0.660156 0.334722 0.0130208 0.0657407
0 0.973437 0.44537 0.015625 0.0666667
0 0.822917 0.38287 0.0104167 0.0583333
0 0.453906 0.49537 0.0171875 0.0703704
0 0.498698 0.578241 0.0182292 0.0731481
0 0.560417 0.551389 0.0177083 0.0805556
0 0.930208 0.541204 0.0125 0.075
