0 0.873698 0.303241 0.0109375 0.0509259
0 0.625781 0.325926 0.0130208 0.0574074
0 0.535156 0.341204 0.0151042 0.0787037
0 0.665104 0.325463 0.0125 0.062037
0 0.443229 0.409259 0.0125 0.05
0 0.648698 0.334259 0.0130208 0.0537037
0 0.773958 0.368519 0.0166667 0.0592593
0 0.921094 0.427778 0.0161458 0.0537037
0 0.403385 0.519907 0.0151042 0.0694444
0 0.377604 0.516667 0.015625 0.0648148
0 0.884635 0.531482 0.0161458 0.0703704
0 0.54375 0.448611 0.015625 0.0601852
0 0.473437 0.450926 0.0177083 0.0648148
0 0.798958 0.514815 0.0166667 0.0666667
0 0.553646 0.536111 0.0145833 0.0685185
0 0.469271 0.577778 0.0177083 0.0722222
