0 0.582812 0.329167 0.0197917 0.0583333
0 0.593229 0.330556 0.0135417 0.0555556
0 0.614844 0.330093 0.0130208 0.0527778
0 0.491667 0.343519 0.01875 0.0722222
0 0.4875 0.356481 0.015625 0.0574074
0 0.404167 0.410648 0.0135417 0.0527778
0 0.817708 0.302778 0.0125 0.05
0 0.327865 0.516667 0.0161458 0.0611111
0 0.42474 0.451852 0.0171875 0.0592593
0 0.717969 0.363426 0.0109375 0.0564815
0 0.350521 0.531482 0.0177083 0.0648148
0 0.855208 0.425463 0.0166667 0.0564815
0 0.504948 0.531018 0.0151042 0.0657407
0 0.497656 0.44537 0.0130208 0.0537037
0 0.745052 0.509722 0.0171875 0.0638889
0 0.821615 0.526852 0.0182292 0.0722222
0 0.420833 0.579167 0.0177083 0.0694444
