0 0.283073 0.506019 0.0171875 0.0694444
0 0.494792 0.298148 0.0114583 0.0444444
0 0.788281 0.285648 0.0119792 0.0546296
0 0.498698 0.357407 0.0182292 0.0444444
0 0.247917 0.442593 0.0166667 0.0574074
0 0.552865 0.30463 0.0119792 0.0555556
0 0.401563 0.3875 0.0104167 0.0453704
0 0.536979 0.3125 0.015625 0.0527778
0 0.360156 0.429167 0.0192708 0.062037
0 0.616667 0.342593 0.0166667 0.0555556
0 0.284115 0.539352 0.0182292 0.10463
0 0.80625 0.508333 0.015625 0.0666667
0 0.817708 0.400463 0.015625 0.0546296
0 0.486979 0.419444 0.0125 0.0555556
0 0.414323 0.547685 0.0203125 0.0694444
0 0.685938 0.3375 0.0114583 0.0564815
0 0.490365 0.505093 0.0161458 0.062037
0 0.742188 0.488889 0.0197917 0.0592593
