0 0.0658854 0.535648 0.0151042 0.0416667
0 0.882552 0.3 0.0130208 0.05
0 0.551562 0.353241 0.0166667 0.0453704
0 0.676562 0.331019 0.0166667 0.0527778
0 0.64401 0.326852 0.0151042 0.0592593
0 0.566927 0.319444 0.0119792 0.0481481
0 0.571094 0.523148 0.0161458 0.0685185
0 0.475521 0.430093 0.0177083 0.10463
0 0.405469 0.543519 0.0192708 0.0759259
0 0.919271 0.423611 0.0166667 0.0546296
0 0.378906 0.513426 0.0151042 0.0657407
0 0.566146 0.439352 0.0135417 0.0601852
0 0.78125 0.357407 0.0135417 0.0592593
0 0.886979 0.52963 0.0166667 0.0703704
0 0.821615 0.510648 0.0182292 0.0675926
0 0.482552 0.578241 0.0171875 0.0694444
