0 0.615625 0.293056 0.015625 0.0509259
56 0.0809896 0.502778 0.0255208 0.0611111
56 0.103906 0.486574 0.0265625 0.0712963
0 0.955729 0.314352 0.0135417 0.0527778
0 0.349219 0.628704 0.0119792 0.037037
0 0.713281 0.317593 0.0161458 0.05
0 0.491927 0.566204 0.0171875 0.0712963
0 0.666667 0.427315 0.01875 0.0472222
0 0.977083 0.385185 0.0114583 0.0537037
0 0.238021 0.441667 0.0166667 0.0648148
0 0.548698 0.386111 0.0119792 0.0481481
0 0.639844 0.383796 0.00989583 0.0509259
0 0.464063 0.549074 0.0208333 0.0592593
0 0.918229 0.490278 0.0197917 0.062037
0 0.672396 0.531944 0.0177083 0.0657407
0 0.477604 0.446759 0.01875 0.0638889
