0 0.510156 0.301389 0.00989583 0.0472222
0 0.666667 0.34537 0.0260417 0.0592593
0 0.817187 0.308333 0.0135417 0.0537037
0 0.526823 0.378241 0.0171875 0.0453704
0 0.521615 0.316667 0.0109375 0.0481481
0 0.569792 0.327778 0.0125 0.0555556
0 0.288021 0.524074 0.0177083 0.0518519
0 0.226823 0.44537 0.0171875 0.0648148
0 0.851042 0.413426 0.0145833 0.0546296
0 0.510417 0.436111 0.0145833 0.0611111
0 0.988542 0.433796 0.0197917 0.0564815
0 0.659635 0.353241 0.0140625 0.0546296
0 0.522396 0.523148 0.0177083 0.0685185
0 0.758854 0.497222 0.0177083 0.0648148
0 0.246615 0.562037 0.0244792 0.0592593
0 0.410156 0.393981 0.00989583 0.0527778
0 0.678125 0.332407 0.0104167 0.0537037
0 0.847917 0.530093 0.0177083 0.0694444
0 0.340625 0.443056 0.0166667 0.062037
0 0.402344 0.579167 0.0192708 0.0712963
