0 0.783594 0.300926 0.0119792 0.0574074
0 0.994271 0.429167 0.0114583 0.062037
0 0.488021 0.306019 0.0114583 0.0453704
0 0.23151 0.456019 0.0140625 0.0564815
0 0.26875 0.519907 0.0177083 0.0657407
0 0.496094 0.369444 0.0151042 0.0462963
0 0.267188 0.571296 0.0197917 0.0722222
0 0.527344 0.318981 0.0130208 0.0601852
0 0.546354 0.314815 0.0145833 0.0592593
0 0.477865 0.427778 0.0119792 0.0537037
0 0.614583 0.354167 0.0177083 0.0546296
0 0.391146 0.4 0.0114583 0.0444444
0 0.680729 0.344907 0.0114583 0.0546296
0 0.482552 0.51713 0.0140625 0.062037
0 0.804948 0.516204 0.0140625 0.0657407
0 0.739323 0.496296 0.0151042 0.062963
0 0.816927 0.411111 0.0151042 0.0518519
0 0.345573 0.440741 0.0203125 0.0648148
0 0.407031 0.55787 0.0192708 0.0638889
