0 0.58099 0.328241 0.0119792 0.0564815
0 0.822396 0.303704 0.0125 0.05
0 0.619792 0.32963 0.0114583 0.0574074
0 0.6 0.333796 0.0125 0.0583333
0 0.723958 0.366667 0.0135417 0.0574074
0 0.405469 0.4125 0.0109375 0.0527778
0 0.49401 0.346296 0.0161458 0.0777778
0 0.429688 0.451852 0.0166667 0.0611111
0 0.333854 0.516204 0.015625 0.062037
0 0.830208 0.529167 0.01875 0.0675926
0 0.864062 0.425926 0.0135417 0.0555556
0 0.75026 0.513426 0.0171875 0.0694444
0 0.501302 0.446759 0.0130208 0.0583333
0 0.507812 0.53287 0.0145833 0.0657407
0 0.35625 0.531944 0.0166667 0.0675926
0 0.424219 0.579167 0.0171875 0.0712963
