56 0.0526042 0.491667 0.025 0.062963
0 0.635156 0.290278 0.0119792 0.0453704
0 0.603646 0.425 0.025 0.0685185
0 0.913021 0.313889 0.015625 0.0537037
0 0.296875 0.631481 0.0125 0.0351852
0 0.667708 0.316204 0.0177083 0.0527778
0 0.594531 0.381481 0.0130208 0.0537037
0 0.95651 0.54537 0.0161458 0.0703704
0 0.44349 0.568056 0.0182292 0.0675926
0 0.189063 0.444444 0.01875 0.0666667
0 0.503125 0.388426 0.015625 0.0546296
0 0.93151 0.380556 0.0140625 0.0537037
0 0.621094 0.426852 0.0203125 0.0537037
0 0.415365 0.550463 0.0213542 0.0583333
0 0.870052 0.487963 0.0203125 0.062963
0 0.43125 0.449074 0.01875 0.0666667
0 0.624479 0.532407 0.0166667 0.0666667
