0 0.666667 0.291667 0.0125 0.0407407
0 0.944271 0.3125 0.0135417 0.0546296
0 0.336198 0.631481 0.0119792 0.0333333
0 0.69974 0.316667 0.0171875 0.0518519
0 0.991146 0.547222 0.0166667 0.0666667
0 0.477604 0.567593 0.0166667 0.0666667
0 0.536458 0.390278 0.015625 0.0527778
0 0.964063 0.382407 0.0125 0.0518519
0 0.451823 0.549537 0.0203125 0.0601852
0 0.655469 0.426389 0.0203125 0.0509259
0 0.628125 0.384722 0.0114583 0.0527778
0 0.223177 0.443056 0.0171875 0.0675926
0 0.466927 0.448611 0.0182292 0.0638889
0 0.90599 0.488426 0.0192708 0.062037
0 0.660417 0.532407 0.01875 0.0666667
