0 0.410417 0.410185 0.0104167 0.0518519
0 0.858854 0.309722 0.0145833 0.0527778
0 0.913021 0.437037 0.0145833 0.0555556
0 0.509375 0.356481 0.015625 0.0796296
0 0.456771 0.452778 0.0177083 0.0685185
0 0.608594 0.333333 0.0109375 0.0555556
0 0.64349 0.334722 0.0182292 0.075
0 0.360156 0.51713 0.0151042 0.0694444
0 0.397917 0.512037 0.0166667 0.0648148
0 0.520052 0.459722 0.0130208 0.0601852
0 0.764583 0.376389 0.0114583 0.0546296
0 0.528646 0.544444 0.015625 0.0685185
0 0.873177 0.533796 0.0161458 0.0712963
0 0.450521 0.578241 0.0166667 0.0694444
0 0.78099 0.512037 0.0171875 0.0685185
