32 0.516146 0.389815 0.00625 0.0166667
0 0.573438 0.306944 0.0145833 0.0472222
0 0.548437 0.29213 0.0104167 0.0453704
0 0.561198 0.362963 0.0171875 0.0481481
0 0.604167 0.309259 0.0125 0.0518519
0 0.29375 0.436111 0.0177083 0.0555556
0 0.69375 0.347685 0.0166667 0.0509259
0 0.839063 0.287037 0.0114583 0.0518519
0 0.451302 0.379167 0.0130208 0.0509259
0 0.542448 0.418981 0.0171875 0.0564815
0 0.883333 0.398611 0.0114583 0.0546296
0 0.729948 0.331481 0.0109375 0.0555556
0 0.335938 0.531018 0.025 0.112037
0 0.558333 0.506481 0.0177083 0.0666667
0 0.39974 0.425926 0.0151042 0.0666667
0 0.873698 0.505556 0.0171875 0.0666667
0 0.803385 0.484722 0.0171875 0.0657407
0 0.485677 0.55 0.0192708 0.0722222
