0 0.994531 0.430093 0.0109375 0.037963
0 0.538542 0.308796 0.0135417 0.0509259
0 0.5125 0.29537 0.0104167 0.0425926
0 0.524219 0.366667 0.0151042 0.0462963
0 0.803385 0.287037 0.0140625 0.0537037
0 0.290885 0.543981 0.0192708 0.0898148
0 0.657552 0.348611 0.0171875 0.0527778
0 0.56901 0.310185 0.0130208 0.0537037
0 0.253125 0.436574 0.0166667 0.0583333
0 0.296094 0.528241 0.0213542 0.10463
0 0.413802 0.381481 0.0130208 0.0518519
0 0.846094 0.398148 0.0119792 0.0555556
0 0.504948 0.420833 0.0161458 0.0564815
0 0.694531 0.33287 0.0119792 0.0564815
0 0.360417 0.426852 0.0125 0.0648148
0 0.764583 0.484259 0.0145833 0.0666667
0 0.516146 0.509259 0.0166667 0.0648148
0 0.833854 0.505556 0.015625 0.0722222
0 0.444531 0.552315 0.0203125 0.0712963
