0 0.341146 0.513889 0.0427083 0.0666667
56 0.133333 0.489352 0.0260417 0.0601852
0 0.860937 0.299074 0.0135417 0.0537037
0 0.572396 0.311111 0.0135417 0.0518519
0 0.708333 0.34537 0.0145833 0.0555556
0 0.349219 0.506944 0.0192708 0.0583333
0 0.578125 0.364352 0.0177083 0.0453704
0 0.61901 0.314352 0.0140625 0.0527778
0 0.289844 0.431944 0.0192708 0.0638889
0 0.727083 0.323148 0.009375 0.05
0 0.40026 0.427315 0.0161458 0.0638889
0 0.465104 0.378704 0.0104167 0.0518519
0 0.315365 0.543519 0.0276042 0.0574074
0 0.564323 0.421296 0.0140625 0.0592593
0 0.577865 0.506019 0.0182292 0.0675926
0 0.897396 0.4 0.0135417 0.0537037
0 0.464844 0.562037 0.0213542 0.0722222
0 0.896354 0.513889 0.0177083 0.0685185
0 0.810156 0.485185 0.0192708 0.062963
