0 0.263802 0.337037 0.0140625 0.0685185
0 0.695052 0.326389 0.0119792 0.062037
0 0.684896 0.347685 0.0197917 0.0583333
0 0.690365 0.335648 0.0192708 0.0731481
0 0.36276 0.435648 0.0171875 0.0583333
0 0.438802 0.409722 0.0119792 0.0509259
0 0.81849 0.383333 0.0130208 0.0574074
0 0.547656 0.356944 0.0171875 0.0768519
0 0.499479 0.450926 0.0177083 0.0666667
0 0.448958 0.50463 0.0166667 0.0722222
0 0.560156 0.464815 0.0130208 0.062963
0 0.657031 0.334722 0.0140625 0.0638889
0 0.969271 0.44537 0.015625 0.062963
0 0.399219 0.518056 0.0161458 0.0712963
0 0.915885 0.315741 0.0130208 0.0537037
0 0.559115 0.550463 0.0161458 0.0787037
0 0.926302 0.539352 0.0140625 0.075
0 0.830469 0.516204 0.0171875 0.0731481
0 0.495573 0.578704 0.0182292 0.0722222
