0 0.67474 0.326852 0.0119792 0.0648148
0 0.633333 0.326852 0.0125 0.0611111
0 0.659896 0.337963 0.0166667 0.0537037
0 0.444792 0.414352 0.0125 0.0601852
0 0.935417 0.434722 0.0166667 0.0564815
0 0.414323 0.515741 0.0140625 0.0685185
0 0.885938 0.305093 0.0135417 0.0638889
0 0.48151 0.45 0.0171875 0.0666667
0 0.785417 0.370833 0.0177083 0.0601852
0 0.539844 0.346759 0.0130208 0.0768519
0 0.383594 0.51713 0.0161458 0.0694444
0 0.896354 0.534722 0.0145833 0.0731481
0 0.549219 0.452778 0.0140625 0.0574074
0 0.560938 0.536111 0.0135417 0.0703704
0 0.808594 0.515278 0.0171875 0.0675926
0 0.47474 0.578704 0.0171875 0.0722222
