0 0.673958 0.347222 0.021875 0.0574074
0 0.264062 0.568981 0.015625 0.0694444
0 0.493229 0.303241 0.0104167 0.0453704
0 0.51875 0.317593 0.0135417 0.0518519
0 0.789583 0.300463 0.0104167 0.0509259
0 0.273958 0.525463 0.0197917 0.0675926
0 0.551302 0.318519 0.0119792 0.0555556
0 0.504687 0.375 0.0166667 0.0462963
0 0.484635 0.432407 0.0140625 0.0555556
0 0.228646 0.449074 0.015625 0.0574074
0 0.267969 0.549074 0.0213542 0.103704
0 0.677865 0.342593 0.00989583 0.0555556
0 0.98724 0.433333 0.0223958 0.0555556
0 0.391406 0.393519 0.0119792 0.05
0 0.639063 0.356944 0.015625 0.0509259
0 0.496615 0.518519 0.0182292 0.0685185
0 0.832031 0.406481 0.0119792 0.0555556
0 0.3375 0.439352 0.015625 0.0638889
0 0.422135 0.566204 0.0192708 0.0787037
0 0.748438 0.49537 0.0177083 0.0703704
0 0.81901 0.513889 0.0161458 0.0685185
