0 0.490104 0.306481 0.0104167 0.0481481
0 0.786458 0.294907 0.0135417 0.0638889
0 0.522656 0.31713 0.0130208 0.0601852
0 0.547396 0.316667 0.0135417 0.0518519
0 0.992188 0.429167 0.015625 0.0657407
0 0.227865 0.453704 0.0130208 0.0592593
0 0.499219 0.372222 0.0140625 0.0481481
0 0.26901 0.521296 0.0192708 0.0685185
0 0.26224 0.574074 0.0182292 0.0648148
0 0.679167 0.344444 0.0114583 0.0537037
0 0.624219 0.356481 0.0171875 0.0555556
0 0.479167 0.431019 0.0125 0.0546296
0 0.390625 0.398148 0.0114583 0.05
0 0.415104 0.558333 0.021875 0.0611111
0 0.341146 0.435648 0.0135417 0.0657407
0 0.822656 0.408333 0.0130208 0.0537037
0 0.488542 0.514352 0.01875 0.0638889
0 0.810938 0.517593 0.0135417 0.0703704
0 0.744271 0.493981 0.0177083 0.0675926
