0 0.945573 0.312037 0.0130208 0.0518519
0 0.667188 0.292593 0.0125 0.0407407
0 0.3375 0.630093 0.0125 0.0324074
0 0.992708 0.546759 0.0145833 0.0675926
0 0.701823 0.316667 0.0161458 0.0537037
0 0.53776 0.389815 0.0171875 0.0555556
0 0.453125 0.549074 0.0197917 0.0592593
0 0.225 0.44213 0.0166667 0.0657407
0 0.479688 0.568519 0.0177083 0.0703704
0 0.628906 0.383796 0.0119792 0.0527778
0 0.65651 0.425 0.0182292 0.0518519
0 0.965365 0.383796 0.0119792 0.0527778
0 0.46849 0.447685 0.0182292 0.0638889
0 0.907031 0.488426 0.0192708 0.062037
0 0.661458 0.53287 0.0177083 0.0675926
