0 0.0328125 0.538426 0.0177083 0.0416667
0 0.633594 0.329167 0.0119792 0.0638889
0 0.621615 0.337037 0.0161458 0.0555556
0 0.407813 0.415741 0.0114583 0.0611111
0 0.594531 0.330093 0.0119792 0.0546296
0 0.379427 0.517593 0.0119792 0.0648148
0 0.348437 0.519907 0.015625 0.0638889
0 0.840625 0.307407 0.0125 0.0592593
0 0.445052 0.451389 0.0161458 0.0657407
0 0.502865 0.351389 0.0130208 0.075
0 0.511979 0.454167 0.0125 0.0583333
0 0.890885 0.433333 0.0171875 0.0537037
0 0.74401 0.373148 0.0161458 0.0592593
0 0.852083 0.531018 0.0145833 0.0675926
0 0.523438 0.537037 0.0125 0.0666667
0 0.439583 0.579167 0.0177083 0.075
0 0.766146 0.512037 0.0177083 0.0648148
