0 0.540104 0.30787 0.021875 0.0583333
0 0.497396 0.296296 0.0114583 0.0444444
0 0.533594 0.310648 0.0130208 0.0564815
0 0.99375 0.421296 0.0125 0.0648148
0 0.280729 0.537963 0.01875 0.12037
0 0.505729 0.362037 0.015625 0.0425926
0 0.553385 0.307407 0.0130208 0.0537037
0 0.282552 0.506019 0.0151042 0.0657407
0 0.401823 0.388426 0.0119792 0.0453704
0 0.243229 0.44537 0.0166667 0.0592593
0 0.788802 0.287963 0.0109375 0.0518519
0 0.488281 0.418519 0.0130208 0.0574074
0 0.625781 0.346296 0.0223958 0.0537037
0 0.278906 0.561574 0.0192708 0.0601852
0 0.420573 0.543056 0.0192708 0.0657407
0 0.35599 0.428241 0.0161458 0.0675926
0 0.747135 0.485648 0.0171875 0.0657407
0 0.822656 0.399537 0.0119792 0.0509259
0 0.81224 0.506481 0.0182292 0.0666667
0 0.685938 0.335185 0.0114583 0.0555556
0 0.495313 0.506944 0.0166667 0.0657407
