0 0.672135 0.339352 0.0151042 0.0712963
0 0.521354 0.306481 0.0125 0.0518519
0 0.539844 0.372222 0.0109375 0.0574074
0 0.495052 0.299074 0.00989583 0.0425926
0 0.217969 0.450463 0.0171875 0.0657407
0 0.822135 0.305556 0.0130208 0.0648148
0 0.530469 0.4375 0.0182292 0.0583333
0 0.589844 0.327778 0.0119792 0.0555556
0 0.43151 0.390278 0.0140625 0.0527778
0 0.666667 0.364352 0.0135417 0.0490741
0 0.677865 0.322685 0.0109375 0.0490741
0 0.295312 0.523611 0.0145833 0.0509259
0 0.226823 0.56713 0.0255208 0.0638889
0 0.345313 0.44537 0.0177083 0.0592593
0 0.41875 0.566204 0.0197917 0.0694444
0 0.877865 0.416204 0.0161458 0.0546296
0 0.547135 0.527778 0.0161458 0.0648148
0 0.772396 0.496759 0.0166667 0.0657407
0 0.880729 0.537037 0.025 0.062963
