0 0.213021 0.337963 0.0145833 0.0666667
0 0.515365 0.318981 0.00989583 0.0435185
0 0.501302 0.351852 0.0140625 0.0444444
0 0.51875 0.496296 0.015625 0.105556
0 0.594792 0.324537 0.0177083 0.0564815
0 0.82474 0.294444 0.0130208 0.0481481
0 0.432292 0.427778 0.0166667 0.0907407
0 0.624479 0.328704 0.0145833 0.05
0 0.521615 0.515741 0.0151042 0.062963
0 0.857813 0.415278 0.015625 0.0564815
0 0.338802 0.509722 0.0161458 0.062037
0 0.760677 0.503704 0.0171875 0.0648148
0 0.516667 0.435648 0.0135417 0.0564815
0 0.364323 0.534259 0.0182292 0.0703704
0 0.726302 0.353704 0.0130208 0.0574074
0 0.827083 0.515278 0.0197917 0.0694444
0 0.436458 0.570833 0.0166667 0.0712963
