56 0.0523437 0.493056 0.0265625 0.0601852
0 0.667708 0.317593 0.01875 0.05
0 0.901823 0.315278 0.0151042 0.0490741
0 0.657552 0.319444 0.0130208 0.05
0 0.558594 0.29537 0.0151042 0.0574074
0 0.93099 0.385648 0.0140625 0.0564815
0 0.277865 0.628241 0.0151042 0.037963
0 0.183073 0.450463 0.0130208 0.0675926
0 0.60625 0.427315 0.0177083 0.0546296
0 0.5875 0.380093 0.0135417 0.0509259
0 0.397396 0.551852 0.0166667 0.0611111
0 0.951563 0.543519 0.015625 0.0759259
0 0.41276 0.448611 0.0244792 0.062037
0 0.489323 0.388889 0.0119792 0.0518519
0 0.44349 0.559722 0.0203125 0.0675926
0 0.854167 0.489352 0.0177083 0.0638889
0 0.614323 0.531482 0.0234375 0.0666667
