32 0.00911458 0.993519 0.0109375 0.012963
0 0.446615 0.414815 0.0119792 0.062963
0 0.89401 0.310185 0.0130208 0.0574074
0 0.673177 0.332407 0.0213542 0.0685185
0 0.945052 0.437963 0.0171875 0.0574074
0 0.54375 0.350463 0.015625 0.075
0 0.420052 0.515741 0.0161458 0.0648148
0 0.3875 0.51713 0.0166667 0.0657407
0 0.485677 0.451852 0.0171875 0.0703704
0 0.553125 0.454167 0.0104167 0.0601852
0 0.639583 0.330556 0.0114583 0.0592593
0 0.814844 0.516667 0.0182292 0.0666667
0 0.79401 0.375463 0.0182292 0.0583333
0 0.90599 0.534722 0.0161458 0.0712963
0 0.566667 0.539815 0.0145833 0.0703704
0 0.479948 0.580093 0.0171875 0.0731481
