0 0.547135 0.308333 0.0161458 0.0518519
0 0.521354 0.293519 0.0104167 0.0444444
38 0.303125 0.536111 0.0239583 0.103704
0 0.533854 0.365741 0.015625 0.0462963
0 0.813281 0.287963 0.0119792 0.0518519
0 0.422396 0.381944 0.0135417 0.0527778
0 0.263021 0.437037 0.015625 0.0574074
0 0.577604 0.308333 0.0135417 0.0537037
0 0.514323 0.420833 0.0140625 0.0583333
0 0.703646 0.331944 0.0104167 0.0564815
0 0.666146 0.347222 0.015625 0.0537037
0 0.857031 0.398611 0.0119792 0.0564815
0 0.527865 0.506481 0.0182292 0.0648148
0 0.370313 0.426852 0.015625 0.0685185
0 0.844271 0.504167 0.0177083 0.0712963
0 0.773438 0.486574 0.0177083 0.0675926
0 0.305208 0.534259 0.0239583 0.114815
0 0.454688 0.551389 0.01875 0.0731481
