0 0.489844 0.301852 0.00989583 0.0425926
0 0.291146 0.519907 0.0270833 0.0898148
0 0.48776 0.35 0.0182292 0.0462963
0 0.545052 0.310185 0.0192708 0.0574074
0 0.784375 0.2875 0.0114583 0.0546296
0 0.400781 0.3875 0.0119792 0.0527778
0 0.283854 0.507407 0.01875 0.0666667
0 0.298438 0.547685 0.025 0.062037
0 0.599479 0.33287 0.0145833 0.0546296
0 0.253646 0.44213 0.0145833 0.0601852
0 0.486458 0.504167 0.0135417 0.0657407
0 0.484375 0.422685 0.0125 0.0564815
0 0.371615 0.424537 0.0130208 0.062037
0 0.794531 0.5 0.0140625 0.0722222
0 0.735677 0.488426 0.0171875 0.0601852
0 0.685938 0.338426 0.0104167 0.0527778
0 0.815365 0.399537 0.0119792 0.0583333
0 0.40599 0.546296 0.0223958 0.0740741
