0 0.695052 0.326389 0.0119792 0.062037
0 0.684896 0.346759 0.0197917 0.0583333
0 0.690365 0.334722 0.0192708 0.0712963
0 0.438021 0.410185 0.0125 0.0518519
0 0.36276 0.43287 0.0171875 0.0638889
0 0.547656 0.357407 0.0171875 0.0777778
0 0.81901 0.383796 0.0130208 0.0564815
0 0.5 0.450926 0.0166667 0.0685185
0 0.45 0.500926 0.0166667 0.0722222
0 0.559896 0.464815 0.0135417 0.0648148
0 0.969792 0.44537 0.015625 0.0648148
0 0.657552 0.334722 0.0140625 0.0638889
0 0.916146 0.315278 0.0125 0.0546296
0 0.399219 0.517593 0.0161458 0.0722222
0 0.926302 0.538889 0.0140625 0.0740741
0 0.558854 0.550463 0.0166667 0.0787037
0 0.831771 0.516204 0.01875 0.0712963
0 0.495833 0.578704 0.01875 0.0722222
