0 0.857292 0.310648 0.0135417 0.0527778
0 0.409896 0.409722 0.0104167 0.0527778
0 0.911458 0.437037 0.015625 0.0574074
0 0.641406 0.333796 0.0171875 0.075
0 0.508594 0.356019 0.0151042 0.0824074
0 0.358333 0.51713 0.0135417 0.0675926
0 0.454948 0.453241 0.0182292 0.0694444
0 0.395312 0.513889 0.0177083 0.062963
0 0.606771 0.333333 0.0125 0.0555556
0 0.519531 0.458796 0.0140625 0.062037
0 0.870833 0.532407 0.015625 0.0703704
0 0.528385 0.543519 0.0151042 0.0666667
0 0.448438 0.579167 0.015625 0.0694444
0 0.761979 0.375926 0.0114583 0.0537037
0 0.778385 0.513426 0.0182292 0.0712963
