0 0.521354 0.300926 0.0104167 0.0518519
0 0.834375 0.309259 0.015625 0.0592593
0 0.673958 0.318056 0.0135417 0.0527778
0 0.542969 0.36713 0.0119792 0.0416667
0 0.495833 0.303241 0.0104167 0.0527778
0 0.214062 0.456019 0.0177083 0.0657407
0 0.54401 0.434259 0.0161458 0.0574074
0 0.678385 0.340278 0.0192708 0.0861111
0 0.602604 0.321759 0.0114583 0.0509259
0 0.894271 0.416667 0.0135417 0.0555556
0 0.344531 0.44213 0.0213542 0.0583333
0 0.44375 0.390278 0.0125 0.0527778
0 0.561979 0.528241 0.0208333 0.0657407
0 0.322656 0.525 0.0213542 0.0611111
0 0.783854 0.495833 0.01875 0.0583333
0 0.239323 0.581944 0.0244792 0.0601852
0 0.910417 0.540741 0.01875 0.0722222
0 0.433854 0.552315 0.0177083 0.0694444
