0 0.66276 0.335648 0.0307292 0.0657407
56 0.0270833 0.624537 0.0458333 0.0657407
0 0.359375 0.437963 0.0197917 0.0518519
0 0.441406 0.409722 0.0119792 0.0546296
0 0.559375 0.4625 0.0125 0.0657407
0 0.913802 0.314815 0.0130208 0.0518519
0 0.547656 0.356481 0.0161458 0.0777778
0 0.688281 0.335185 0.0223958 0.0740741
0 0.815625 0.383796 0.0114583 0.0564815
0 0.967448 0.443981 0.0151042 0.062037
0 0.497656 0.450926 0.0182292 0.0703704
0 0.563281 0.545833 0.0151042 0.075
0 0.398177 0.518519 0.0161458 0.0722222
0 0.655729 0.334259 0.0135417 0.0611111
0 0.925 0.537963 0.0145833 0.0740741
0 0.443229 0.508333 0.0166667 0.0666667
0 0.829167 0.516667 0.01875 0.0722222
0 0.492969 0.580556 0.0171875 0.0722222
