0 0.78776 0.301389 0.0130208 0.0490741
0 0.520052 0.315278 0.0119792 0.0527778
0 0.273438 0.525926 0.0229167 0.0703704
0 0.55026 0.31713 0.0119792 0.0509259
0 0.491667 0.302778 0.0135417 0.0444444
0 0.264323 0.568519 0.0151042 0.0740741
0 0.989583 0.435185 0.01875 0.0574074
0 0.482552 0.430556 0.0140625 0.0574074
0 0.228646 0.449074 0.015625 0.0574074
0 0.502604 0.373148 0.0166667 0.0518519
0 0.269271 0.549074 0.0229167 0.111111
0 0.678125 0.343056 0.0104167 0.0546296
0 0.49375 0.515741 0.0177083 0.0666667
0 0.391406 0.393519 0.0109375 0.0518519
0 0.634635 0.35463 0.0151042 0.0555556
0 0.420833 0.564352 0.021875 0.0694444
0 0.338021 0.440278 0.0166667 0.0657407
0 0.747396 0.495833 0.0166667 0.0675926
0 0.828646 0.409722 0.0125 0.0546296
0 0.815885 0.518981 0.0119792 0.0675926
