0 0.508854 0.296296 0.009375 0.0407407
0 0.666667 0.346296 0.0291667 0.0592593
0 0.51276 0.512963 0.0151042 0.0925926
0 0.278385 0.537037 0.0296875 0.0666667
0 0.815104 0.304167 0.0145833 0.0546296
0 0.521875 0.324074 0.0145833 0.05
0 0.523698 0.37963 0.0171875 0.0425926
0 0.25 0.560648 0.028125 0.0564815
0 0.658594 0.35463 0.0151042 0.0537037
0 0.226562 0.445833 0.015625 0.0638889
0 0.285156 0.524537 0.0161458 0.0564815
0 0.507552 0.436574 0.0151042 0.0601852
0 0.519792 0.519444 0.0166667 0.0703704
0 0.984635 0.431944 0.0213542 0.0583333
0 0.407031 0.393519 0.0119792 0.0518519
0 0.566406 0.325 0.0119792 0.0555556
0 0.339583 0.442593 0.0166667 0.062963
0 0.847656 0.411111 0.0161458 0.0592593
0 0.757552 0.497685 0.0182292 0.0657407
0 0.677865 0.333796 0.00989583 0.0546296
0 0.401823 0.581019 0.0203125 0.0712963
0 0.84401 0.526389 0.0192708 0.0675926
