0 0.365365 0.444907 0.0192708 0.037963
0 0.456771 0.409722 0.0135417 0.0546296
0 0.559635 0.35787 0.0161458 0.0824074
0 0.696354 0.337963 0.021875 0.0759259
0 0.570052 0.462037 0.0130208 0.0611111
0 0.405729 0.517593 0.0135417 0.0648148
0 0.922396 0.311574 0.0135417 0.0546296
0 0.445833 0.511111 0.015625 0.0685185
0 0.66276 0.334722 0.0109375 0.0601852
0 0.977083 0.443519 0.0135417 0.0611111
0 0.504948 0.453704 0.0192708 0.0703704
0 0.934896 0.541667 0.0135417 0.0777778
0 0.823177 0.381019 0.0119792 0.0601852
0 0.839844 0.518056 0.0213542 0.0731481
0 0.499479 0.582407 0.0177083 0.0796296
0 0.578906 0.549537 0.0182292 0.0712963
