0 0.428906 0.409722 0.0109375 0.0564815
0 0.346615 0.438889 0.0171875 0.05
0 0.949479 0.44213 0.0145833 0.0583333
0 0.895833 0.313426 0.0145833 0.0527778
0 0.534896 0.35787 0.0166667 0.075
0 0.484375 0.45 0.015625 0.0722222
0 0.546354 0.462037 0.0125 0.0648148
0 0.548698 0.54537 0.0182292 0.0740741
0 0.672135 0.337963 0.0223958 0.0777778
0 0.385156 0.517593 0.0140625 0.0685185
0 0.907292 0.5375 0.0135417 0.0712963
0 0.639844 0.335185 0.0109375 0.0574074
0 0.430208 0.50787 0.0166667 0.0675926
0 0.799479 0.382407 0.0125 0.0574074
0 0.81224 0.514815 0.0182292 0.0685185
0 0.479948 0.580556 0.0171875 0.0722222
