0 0.589063 0.398148 0.01875 0.0851852
56 0.0544271 0.493056 0.0265625 0.0638889
0 0.896875 0.31713 0.0145833 0.0453704
0 0.552604 0.293981 0.0177083 0.0583333
0 0.584375 0.377315 0.0135417 0.0527778
0 0.59974 0.428704 0.0151042 0.0537037
0 0.653125 0.312037 0.0197917 0.0555556
0 0.183854 0.454167 0.0135417 0.0638889
0 0.678125 0.318056 0.0145833 0.0527778
0 0.389583 0.550926 0.01875 0.0592593
0 0.485156 0.389815 0.0171875 0.0537037
0 0.401823 0.449537 0.0161458 0.0601852
0 0.930729 0.39213 0.0114583 0.0527778
0 0.949479 0.543056 0.0197917 0.0712963
0 0.271875 0.626389 0.01875 0.0490741
0 0.444792 0.558796 0.0197917 0.0638889
0 0.847396 0.490741 0.0197917 0.0611111
0 0.611719 0.531944 0.0213542 0.0675926
