0 0.354688 0.509722 0.0166667 0.0675926
0 0.56224 0.30463 0.0109375 0.0444444
0 0.623177 0.306944 0.00989583 0.0564815
0 0.31875 0.448148 0.0177083 0.0592593
0 0.609635 0.313426 0.0161458 0.0546296
0 0.471875 0.390741 0.0135417 0.0481481
0 0.358594 0.535648 0.0213542 0.10463
0 0.759375 0.341667 0.0114583 0.0537037
0 0.435677 0.430093 0.0161458 0.062037
0 0.557031 0.425 0.0140625 0.0555556
0 0.68099 0.343981 0.0192708 0.0564815
0 0.89349 0.406019 0.0161458 0.0638889
0 0.879948 0.512963 0.0182292 0.0722222
0 0.817187 0.499537 0.0197917 0.0583333
0 0.560417 0.512037 0.0166667 0.0666667
0 0.482552 0.553241 0.0182292 0.0675926
