0 0.442448 0.409259 0.0109375 0.0518519
0 0.895833 0.311111 0.0135417 0.0518519
0 0.950781 0.440278 0.0161458 0.0564815
0 0.674479 0.336574 0.021875 0.0712963
0 0.542448 0.353704 0.0151042 0.0796296
0 0.486458 0.451389 0.0177083 0.0694444
0 0.388542 0.516204 0.0145833 0.0675926
0 0.796615 0.377315 0.0171875 0.0583333
0 0.640365 0.334722 0.0109375 0.0564815
0 0.552083 0.460185 0.0114583 0.0592593
0 0.5625 0.546296 0.0177083 0.0666667
0 0.424479 0.513426 0.01875 0.0675926
0 0.910677 0.538426 0.0171875 0.0731481
0 0.48099 0.580556 0.0161458 0.0703704
0 0.815625 0.515278 0.0177083 0.0694444
