0 0.502344 0.29537 0.0130208 0.0444444
0 0.79401 0.290278 0.0119792 0.0509259
0 0.532031 0.309722 0.0130208 0.0527778
0 0.280729 0.555556 0.0208333 0.0740741
0 0.992969 0.420833 0.0140625 0.0601852
0 0.245833 0.438426 0.0145833 0.0564815
0 0.513021 0.3625 0.0166667 0.0490741
0 0.558854 0.309259 0.0114583 0.0592593
0 0.405208 0.381944 0.0114583 0.0527778
0 0.286458 0.533796 0.025 0.115741
0 0.353906 0.425926 0.0130208 0.0648148
0 0.688021 0.333796 0.0125 0.0527778
0 0.821615 0.508796 0.0151042 0.0694444
0 0.504687 0.506481 0.0166667 0.0648148
0 0.49349 0.421759 0.0140625 0.0564815
0 0.640885 0.345833 0.0151042 0.0564815
0 0.833854 0.399537 0.0166667 0.0564815
0 0.754427 0.485648 0.0182292 0.062037
0 0.432552 0.550926 0.0223958 0.0685185
