0 0.601823 0.426389 0.0203125 0.0638889
0 0.635156 0.291667 0.0109375 0.0425926
0 0.569271 0.296296 0.01875 0.0592593
0 0.911198 0.313889 0.0130208 0.0518519
0 0.294531 0.62963 0.0130208 0.0351852
0 0.666406 0.316667 0.0182292 0.0518519
0 0.954167 0.545833 0.015625 0.0694444
0 0.500781 0.388889 0.0140625 0.0537037
0 0.442448 0.56713 0.0182292 0.0694444
0 0.186719 0.446296 0.0203125 0.0648148
0 0.592708 0.381481 0.0135417 0.0537037
0 0.617708 0.428241 0.0197917 0.0490741
0 0.93099 0.381944 0.0140625 0.0546296
0 0.41224 0.551852 0.0223958 0.0611111
0 0.426823 0.449537 0.0182292 0.0675926
0 0.622135 0.531944 0.0171875 0.0657407
0 0.866667 0.4875 0.0197917 0.062037
