0 0.468229 0.252315 0.0125 0.0527778
0 0.247656 0.324537 0.00885417 0.0287037
0 0.377083 0.266204 0.009375 0.0509259
0 0.552604 0.281944 0.009375 0.0435185
0 0.445312 0.251389 0.009375 0.0361111
0 0.383854 0.338426 0.009375 0.0453704
62 0.836979 0.655556 0.315625 0.640741
0 0.340885 0.331481 0.0119792 0.05
0 0.302083 0.369907 0.0104167 0.0472222
0 0.627865 0.391667 0.00989583 0.0537037
0 0.389323 0.394907 0.0109375 0.0472222
0 0.336719 0.41713 0.0109375 0.0509259
0 0.564323 0.376389 0.0109375 0.0509259
0 0.27526 0.374074 0.00989583 0.05
