56 0.0661458 0.489815 0.025 0.062963
0 0.446615 0.559722 0.0369792 0.0657407
0 0.647135 0.289815 0.0109375 0.0444444
0 0.313802 0.631481 0.0119792 0.0333333
0 0.68099 0.318056 0.0161458 0.0509259
0 0.203125 0.443519 0.015625 0.0648148
0 0.609115 0.383796 0.0119792 0.0527778
0 0.635156 0.427315 0.0192708 0.0527778
0 0.429427 0.551852 0.0203125 0.0611111
0 0.517448 0.389352 0.0161458 0.0527778
0 0.970833 0.546759 0.015625 0.0731481
0 0.456771 0.569907 0.0166667 0.0675926
0 0.94375 0.380556 0.0135417 0.0537037
0 0.885417 0.488426 0.01875 0.062037
0 0.447396 0.447685 0.0208333 0.0638889
0 0.639844 0.531944 0.0192708 0.0657407
