0 0.539844 0.307407 0.0213542 0.0592593
0 0.497396 0.296759 0.0114583 0.0453704
0 0.533333 0.309722 0.0125 0.0583333
0 0.99349 0.42037 0.0130208 0.0648148
0 0.553646 0.307407 0.0125 0.0518519
0 0.50599 0.361574 0.0151042 0.0435185
0 0.282552 0.506481 0.0151042 0.0666667
0 0.401823 0.388426 0.0119792 0.0453704
0 0.24349 0.444907 0.0161458 0.0601852
0 0.789062 0.2875 0.0114583 0.0527778
0 0.626302 0.346759 0.0234375 0.0527778
0 0.488281 0.418981 0.0130208 0.0583333
0 0.279167 0.560185 0.0208333 0.062963
0 0.421094 0.542593 0.0192708 0.0648148
0 0.35599 0.428241 0.0161458 0.0675926
0 0.823177 0.399537 0.0130208 0.0509259
0 0.813802 0.506944 0.0203125 0.0657407
0 0.747656 0.484722 0.0151042 0.0638889
0 0.686198 0.334722 0.0119792 0.0546296
0 0.495833 0.506944 0.0166667 0.0657407
