0 0.475521 0.419444 0.0177083 0.0759259
0 0.558073 0.350926 0.0182292 0.05
0 0.565885 0.326852 0.0140625 0.0685185
0 0.46901 0.41713 0.0161458 0.0768519
0 0.636198 0.321296 0.0151042 0.0574074
0 0.48125 0.397685 0.0125 0.0509259
0 0.876042 0.294444 0.0125 0.0518519
0 0.883333 0.518519 0.0135417 0.0648148
0 0.36901 0.516204 0.0192708 0.062037
0 0.570312 0.516667 0.015625 0.0666667
0 0.338281 0.444907 0.0182292 0.0638889
0 0.565885 0.434722 0.0140625 0.0583333
0 0.676823 0.331019 0.0119792 0.0564815
0 0.482812 0.570833 0.0177083 0.0712963
0 0.463802 0.433796 0.0119792 0.0731481
0 0.914844 0.418981 0.0151042 0.0601852
0 0.776042 0.355556 0.0114583 0.0555556
0 0.396354 0.553704 0.0229167 0.0703704
0 0.82474 0.509259 0.0234375 0.062963
