0 0.107813 0.439352 0.025 0.0861111
0 0.532031 0.309722 0.0130208 0.0546296
0 0.992708 0.420833 0.0145833 0.0601852
0 0.55651 0.307407 0.0119792 0.0518519
0 0.510156 0.363426 0.0161458 0.0472222
0 0.244792 0.439815 0.0145833 0.0537037
0 0.402865 0.387963 0.0109375 0.0518519
0 0.790885 0.287963 0.0140625 0.0537037
0 0.633594 0.346759 0.0161458 0.0564815
0 0.284896 0.506481 0.01875 0.0666667
0 0.501042 0.507407 0.01875 0.0685185
0 0.279167 0.560648 0.0208333 0.0601852
0 0.353906 0.425463 0.0151042 0.0657407
0 0.830729 0.4 0.0166667 0.0537037
0 0.686719 0.336111 0.0130208 0.0537037
0 0.817448 0.508333 0.0161458 0.0685185
0 0.429167 0.548611 0.025 0.0601852
0 0.490625 0.420833 0.0125 0.0564815
0 0.751562 0.485648 0.0177083 0.0638889
