0 0.540885 0.407407 0.0151042 0.0981481
0 0.520573 0.302315 0.0119792 0.0564815
0 0.826563 0.322685 0.0125 0.0398148
0 0.493229 0.302778 0.0104167 0.0462963
0 0.541406 0.368981 0.0130208 0.0509259
0 0.596875 0.321759 0.0114583 0.0509259
0 0.540625 0.431019 0.0125 0.0527778
0 0.215104 0.454167 0.0177083 0.0675926
0 0.340885 0.445833 0.0213542 0.0546296
0 0.674219 0.339352 0.0151042 0.0898148
0 0.439583 0.391204 0.0114583 0.0546296
0 0.314583 0.516667 0.015625 0.062963
0 0.428906 0.55787 0.0171875 0.0657407
0 0.901302 0.538889 0.0171875 0.0685185
0 0.889583 0.414815 0.0166667 0.0574074
0 0.558073 0.526389 0.0203125 0.0694444
0 0.780729 0.494444 0.01875 0.062963
0 0.2375 0.577315 0.03125 0.0638889
