0 0.66224 0.335648 0.0307292 0.0675926
56 0.0166667 0.633333 0.0333333 0.0592593
0 0.263021 0.337963 0.0145833 0.0685185
0 0.358854 0.438426 0.0208333 0.0509259
0 0.442187 0.4125 0.0125 0.0583333
0 0.559635 0.4625 0.0119792 0.0675926
0 0.547656 0.356019 0.0161458 0.0768519
0 0.815625 0.38287 0.0114583 0.0564815
0 0.913802 0.312963 0.0151042 0.0537037
0 0.496875 0.451389 0.0177083 0.0694444
0 0.966406 0.444907 0.0151042 0.062037
0 0.68776 0.334722 0.0223958 0.075
0 0.563802 0.545833 0.0161458 0.075
0 0.398438 0.518519 0.015625 0.0703704
0 0.655469 0.334722 0.0140625 0.0638889
0 0.924479 0.537963 0.0145833 0.0740741
0 0.828906 0.516204 0.0182292 0.0731481
0 0.492448 0.580556 0.0171875 0.0722222
0 0.442969 0.509259 0.0171875 0.0666667
