0 0.7875 0.286574 0.0125 0.0527778
0 0.284115 0.501389 0.0182292 0.0601852
0 0.495833 0.355093 0.0145833 0.0453704
0 0.538542 0.308796 0.0145833 0.0490741
0 0.49349 0.300926 0.0109375 0.0425926
0 0.552604 0.303241 0.0114583 0.0546296
0 0.248958 0.442593 0.0166667 0.0574074
0 0.401823 0.387963 0.0109375 0.05
0 0.610156 0.339352 0.0182292 0.0601852
0 0.288021 0.550463 0.0208333 0.0768519
0 0.364062 0.427315 0.0166667 0.062037
0 0.686458 0.337963 0.0114583 0.0555556
0 0.486198 0.421296 0.0140625 0.0555556
0 0.409635 0.547222 0.0161458 0.0722222
0 0.802083 0.504167 0.015625 0.0694444
0 0.740104 0.488889 0.01875 0.0574074
0 0.489323 0.503704 0.0182292 0.0648148
0 0.816146 0.398611 0.0135417 0.0564815
