0 0.70026 0.323148 0.0140625 0.0611111
0 0.694531 0.333333 0.0182292 0.0722222
0 0.686719 0.346296 0.0182292 0.0592593
0 0.552344 0.368981 0.0171875 0.0675926
0 0.921354 0.315278 0.0145833 0.0564815
0 0.439063 0.412963 0.0145833 0.0574074
0 0.366146 0.431019 0.015625 0.0694444
0 0.564062 0.464352 0.0135417 0.0638889
0 0.835417 0.51713 0.0177083 0.0731481
0 0.403125 0.518519 0.0166667 0.0685185
0 0.503906 0.451389 0.0171875 0.0712963
0 0.660937 0.334722 0.0135417 0.0657407
0 0.973958 0.445833 0.0166667 0.0657407
0 0.823177 0.383333 0.0109375 0.0574074
0 0.560417 0.551852 0.0177083 0.0814815
0 0.930469 0.541204 0.0140625 0.0768519
0 0.454167 0.493981 0.0177083 0.0712963
0 0.498958 0.578704 0.01875 0.0759259
