0 0.251302 0.341667 0.0171875 0.062963
0 0.657812 0.330093 0.0479167 0.0583333
0 0.568229 0.468981 0.0166667 0.125
0 0.342969 0.441667 0.0192708 0.0611111
0 0.552344 0.35463 0.0151042 0.0481481
0 0.567448 0.31713 0.0119792 0.0472222
0 0.880208 0.296759 0.0135417 0.0527778
0 0.571615 0.518981 0.0161458 0.0694444
0 0.676302 0.331019 0.0140625 0.0546296
0 0.884896 0.525 0.015625 0.0685185
0 0.566406 0.435648 0.0140625 0.062037
0 0.403646 0.541204 0.0177083 0.0731481
0 0.91849 0.42037 0.0161458 0.0537037
0 0.474219 0.428241 0.0203125 0.0990741
0 0.642187 0.325926 0.0145833 0.0611111
0 0.377083 0.512037 0.0145833 0.0666667
0 0.778906 0.35787 0.0119792 0.0583333
0 0.482812 0.577778 0.0166667 0.0703704
0 0.823177 0.510648 0.0203125 0.0657407
