0 0.492708 0.35 0.0125 0.0407407
0 0.50625 0.309722 0.0114583 0.0435185
0 0.288281 0.437037 0.0171875 0.0555556
0 0.807813 0.290278 0.0135417 0.0527778
0 0.6125 0.326389 0.0135417 0.0527778
0 0.320052 0.504167 0.0161458 0.0657407
0 0.504948 0.428704 0.0140625 0.0555556
0 0.710677 0.349074 0.0119792 0.0574074
0 0.752083 0.495833 0.0177083 0.062037
0 0.84349 0.408796 0.0161458 0.0546296
0 0.421875 0.565278 0.0166667 0.0712963
0 0.578125 0.317593 0.0145833 0.0592593
0 0.507292 0.513426 0.0135417 0.0675926
0 0.345833 0.535185 0.0197917 0.0703704
0 0.810938 0.506944 0.0145833 0.0675926
0 0.416146 0.420833 0.01875 0.0953704
