0 0.541667 0.309722 0.015625 0.0509259
0 0.807552 0.286574 0.0119792 0.0546296
0 0.257812 0.438889 0.0145833 0.0537037
0 0.515625 0.294907 0.009375 0.0416667
0 0.572917 0.309722 0.0125 0.0546296
0 0.528906 0.364352 0.0161458 0.0490741
0 0.661979 0.348611 0.0166667 0.0546296
0 0.417448 0.381944 0.0140625 0.0527778
0 0.364844 0.425463 0.0140625 0.062037
0 0.509115 0.419907 0.0161458 0.0583333
0 0.297917 0.534722 0.0291667 0.113889
0 0.697917 0.331944 0.0114583 0.0583333
0 0.839583 0.505556 0.015625 0.0685185
0 0.448958 0.553704 0.0208333 0.0703704
0 0.76901 0.485648 0.0161458 0.0657407
0 0.851302 0.399537 0.0109375 0.0546296
0 0.521354 0.508796 0.01875 0.0657407
