0 0.366146 0.443981 0.0197917 0.037963
0 0.456771 0.409722 0.0135417 0.0546296
0 0.559635 0.357407 0.0161458 0.0833333
0 0.696615 0.337963 0.0213542 0.0759259
0 0.570052 0.462037 0.0130208 0.0611111
0 0.405729 0.51713 0.0135417 0.0657407
0 0.922396 0.3125 0.0135417 0.0546296
0 0.445833 0.511111 0.015625 0.0685185
0 0.977083 0.443981 0.0135417 0.062037
0 0.66276 0.334259 0.0109375 0.0592593
0 0.934635 0.541204 0.0161458 0.0805556
0 0.504948 0.453704 0.0192708 0.0703704
0 0.823177 0.381019 0.0119792 0.0601852
0 0.499479 0.582407 0.0177083 0.0796296
0 0.839844 0.518981 0.0213542 0.0731481
0 0.578906 0.549537 0.0182292 0.0712963
