56 0.146094 0.484722 0.0276042 0.0638889
0 0.560156 0.289815 0.0109375 0.0462963
56 0.169531 0.46713 0.0255208 0.0768519
0 0.576302 0.361111 0.0171875 0.0462963
0 0.300781 0.430093 0.0140625 0.0564815
0 0.616146 0.313889 0.0114583 0.0537037
0 0.711458 0.347685 0.0125 0.0546296
0 0.348437 0.527315 0.0260417 0.100926
0 0.738802 0.328704 0.00885417 0.0555556
0 0.461198 0.376852 0.00989583 0.0537037
0 0.558333 0.419907 0.015625 0.0546296
0 0.900521 0.403241 0.0114583 0.0546296
0 0.407813 0.425463 0.0145833 0.0675926
0 0.572917 0.508796 0.0208333 0.0675926
0 0.892187 0.508333 0.0166667 0.0666667
0 0.816146 0.478241 0.0125 0.0694444
0 0.490625 0.556019 0.021875 0.0731481
