0 0.034375 0.531944 0.015625 0.0398148
0 0.214062 0.340741 0.0135417 0.0611111
0 0.00416667 0.517593 0.00833333 0.0685185
0 0.519531 0.475463 0.0161458 0.119444
0 0.596354 0.323148 0.01875 0.0592593
0 0.516927 0.318519 0.0109375 0.0407407
0 0.502083 0.352315 0.0135417 0.0453704
0 0.827344 0.297685 0.0130208 0.0490741
0 0.625781 0.326389 0.0130208 0.0509259
0 0.434375 0.425 0.01875 0.0962963
0 0.517708 0.435648 0.0145833 0.0546296
0 0.341406 0.510185 0.0161458 0.0611111
0 0.523177 0.516667 0.0130208 0.0666667
0 0.728125 0.355556 0.0114583 0.0574074
0 0.860677 0.414815 0.0151042 0.0555556
0 0.763021 0.503704 0.0177083 0.062963
0 0.438281 0.569907 0.0171875 0.0712963
0 0.366146 0.533333 0.01875 0.0685185
0 0.829427 0.51713 0.0192708 0.075
