56 0.0541667 0.491667 0.0260417 0.0685185
0 0.555208 0.294444 0.0166667 0.0592593
0 0.899479 0.314352 0.0125 0.0435185
0 0.654427 0.318981 0.0130208 0.0453704
0 0.676302 0.31713 0.00989583 0.0509259
0 0.274479 0.625926 0.01875 0.0407407
0 0.486719 0.390278 0.0161458 0.0509259
0 0.585677 0.379167 0.0151042 0.0546296
0 0.183333 0.453241 0.015625 0.0657407
0 0.391667 0.550926 0.0166667 0.0611111
0 0.930729 0.390741 0.0125 0.0555556
0 0.95 0.543056 0.01875 0.0731481
0 0.603385 0.42963 0.0151042 0.0574074
0 0.40625 0.448148 0.01875 0.0666667
0 0.444792 0.559259 0.0197917 0.0648148
0 0.851042 0.489815 0.0145833 0.0611111
0 0.61276 0.531482 0.0244792 0.0685185
