38 0.44349 0.563426 0.0182292 0.062037
0 0.601823 0.427315 0.0192708 0.0638889
0 0.909375 0.316667 0.0114583 0.0481481
0 0.635156 0.292593 0.0109375 0.0425926
0 0.565885 0.292593 0.0171875 0.0537037
0 0.290104 0.62963 0.0114583 0.0351852
0 0.665885 0.316667 0.0182292 0.0518519
0 0.185937 0.447685 0.0166667 0.0638889
0 0.93125 0.382407 0.0145833 0.0555556
0 0.442448 0.565741 0.0182292 0.0685185
0 0.591667 0.380556 0.0135417 0.0518519
0 0.952865 0.54537 0.0151042 0.0666667
0 0.615104 0.429167 0.0166667 0.0527778
0 0.498698 0.387963 0.0130208 0.0537037
0 0.863802 0.4875 0.0192708 0.0638889
0 0.422917 0.447685 0.0177083 0.0657407
0 0.620573 0.531944 0.0171875 0.0675926
0 0.409635 0.551389 0.0244792 0.0638889
