0 0.528125 0.294444 0.009375 0.0407407
0 0.81875 0.2875 0.0125 0.0546296
0 0.552604 0.311111 0.015625 0.0555556
0 0.583594 0.308796 0.0119792 0.0546296
0 0.271354 0.438426 0.0166667 0.0583333
0 0.540885 0.365278 0.0140625 0.0453704
0 0.429948 0.381481 0.0140625 0.0518519
0 0.673958 0.348611 0.0166667 0.0546296
0 0.521875 0.42037 0.0166667 0.0574074
0 0.311719 0.533796 0.0255208 0.108333
0 0.709896 0.331019 0.0104167 0.0583333
0 0.377604 0.425463 0.0145833 0.0657407
0 0.852865 0.505556 0.0151042 0.0685185
0 0.863802 0.4 0.00989583 0.0555556
0 0.782031 0.485185 0.0161458 0.0648148
0 0.534896 0.507407 0.01875 0.0685185
0 0.46276 0.550926 0.0192708 0.0740741
