56 0.0307292 0.507407 0.0291667 0.0703704
0 0.434115 0.566204 0.0432292 0.0712963
0 0.63776 0.288426 0.0119792 0.0435185
0 0.303646 0.634722 0.0125 0.0416667
0 0.917708 0.313889 0.0166667 0.0537037
56 0.0536458 0.494444 0.0291667 0.0685185
0 0.671615 0.31713 0.0161458 0.0546296
0 0.192708 0.446759 0.0166667 0.0657407
0 0.508073 0.389815 0.0151042 0.0555556
0 0.6 0.385185 0.0135417 0.0518519
0 0.625781 0.425926 0.0213542 0.0537037
0 0.959896 0.548148 0.0197917 0.0740741
0 0.446354 0.571296 0.0166667 0.0685185
0 0.933854 0.380556 0.0125 0.0537037
0 0.874479 0.488889 0.01875 0.062963
0 0.43724 0.448148 0.0213542 0.0666667
0 0.420052 0.552315 0.0182292 0.062037
0 0.629948 0.53287 0.0182292 0.0657407
