0 0.0473958 0.519444 0.015625 0.0814815
0 0.365885 0.446296 0.0171875 0.0333333
0 0.696615 0.337037 0.0213542 0.0722222
0 0.458333 0.408333 0.0104167 0.0555556
0 0.560156 0.356944 0.0151042 0.0842593
0 0.570573 0.461111 0.0140625 0.0592593
0 0.40599 0.518056 0.0140625 0.0657407
0 0.977083 0.443056 0.0135417 0.062037
0 0.821615 0.379167 0.0130208 0.0583333
0 0.921094 0.311574 0.0119792 0.0546296
0 0.66224 0.335185 0.0109375 0.0592593
0 0.505208 0.453704 0.01875 0.0703704
0 0.935156 0.541667 0.0130208 0.0777778
0 0.444271 0.514352 0.0177083 0.0657407
0 0.839583 0.518056 0.0197917 0.0731481
0 0.579687 0.55 0.0166667 0.0703704
0 0.499479 0.58287 0.01875 0.0787037
