0 0.491406 0.348611 0.0130208 0.0435185
0 0.505208 0.311111 0.0114583 0.0444444
0 0.286979 0.437963 0.0177083 0.0592593
0 0.806771 0.289352 0.0125 0.0527778
0 0.709635 0.348611 0.0130208 0.0564815
0 0.317708 0.506019 0.0177083 0.0694444
0 0.576823 0.317593 0.0151042 0.0611111
0 0.610937 0.325926 0.0135417 0.0555556
0 0.75 0.495833 0.01875 0.0694444
0 0.503646 0.428241 0.0145833 0.0564815
0 0.507812 0.511574 0.015625 0.0657407
0 0.421094 0.564815 0.0171875 0.0740741
0 0.842188 0.408796 0.015625 0.0546296
0 0.344531 0.535185 0.0203125 0.0703704
0 0.808333 0.505556 0.015625 0.0722222
0 0.415365 0.419444 0.0203125 0.0981481
