0 0.894531 0.315278 0.0140625 0.0453704
0 0.548958 0.303241 0.0145833 0.0546296
0 0.583073 0.378241 0.0171875 0.0583333
0 0.595573 0.435185 0.0151042 0.0592593
0 0.683073 0.318056 0.0140625 0.0564815
0 0.485156 0.389815 0.0171875 0.0537037
0 0.65026 0.310648 0.0223958 0.0638889
0 0.26875 0.622685 0.0177083 0.0472222
0 0.185156 0.45463 0.0130208 0.0611111
0 0.947656 0.545833 0.0223958 0.0694444
0 0.932031 0.392593 0.0109375 0.0518519
0 0.397917 0.448611 0.0177083 0.0657407
0 0.386979 0.55 0.0229167 0.062963
0 0.609896 0.531482 0.0177083 0.0685185
0 0.445573 0.55787 0.0223958 0.0657407
0 0.844792 0.489352 0.0229167 0.062037
