0 0.503385 0.295833 0.0130208 0.0435185
0 0.795833 0.29213 0.0104167 0.0472222
0 0.532292 0.309722 0.0135417 0.0546296
0 0.992448 0.418056 0.0151042 0.0583333
0 0.246094 0.439815 0.0171875 0.0574074
0 0.644271 0.347222 0.0177083 0.0537037
0 0.560677 0.308333 0.0119792 0.0555556
0 0.40599 0.381481 0.0130208 0.0518519
0 0.515104 0.364352 0.0166667 0.0509259
0 0.286719 0.535185 0.0276042 0.114815
0 0.835677 0.399074 0.0151042 0.0574074
0 0.50651 0.507407 0.0161458 0.0666667
0 0.354427 0.425926 0.0130208 0.0611111
0 0.494792 0.421296 0.0145833 0.0574074
0 0.689062 0.33287 0.0104167 0.0546296
0 0.823177 0.508796 0.0171875 0.0712963
0 0.75625 0.486574 0.0166667 0.062037
0 0.434635 0.551852 0.0234375 0.0703704
