0 0.343229 0.446759 0.0166667 0.0324074
0 0.66901 0.333333 0.0192708 0.0611111
0 0.663281 0.336574 0.0182292 0.0490741
0 0.676302 0.325926 0.0130208 0.0666667
0 0.445312 0.414815 0.0125 0.062963
0 0.888802 0.306944 0.0109375 0.0527778
0 0.636979 0.327315 0.0114583 0.0583333
0 0.940104 0.436111 0.01875 0.0537037
0 0.417708 0.516204 0.0125 0.0657407
0 0.483594 0.450463 0.0161458 0.0694444
0 0.564062 0.538426 0.0135417 0.0675926
0 0.551302 0.451852 0.0119792 0.0592593
0 0.385417 0.517593 0.0166667 0.0685185
0 0.541146 0.349074 0.0135417 0.0759259
0 0.898698 0.534259 0.0171875 0.0703704
0 0.810938 0.516204 0.0166667 0.0694444
0 0.789323 0.373148 0.0192708 0.0592593
0 0.477604 0.579167 0.0177083 0.0712963
