0 0.600781 0.308333 0.0119792 0.0537037
0 0.564844 0.296296 0.00885417 0.0444444
0 0.574479 0.361111 0.015625 0.0462963
0 0.470573 0.386574 0.0119792 0.0435185
0 0.859896 0.290278 0.0104167 0.0527778
0 0.698177 0.347222 0.0234375 0.0555556
0 0.621875 0.306944 0.0114583 0.0546296
0 0.558333 0.42037 0.015625 0.0555556
0 0.75599 0.336574 0.0119792 0.0564815
0 0.496615 0.547222 0.0244792 0.0611111
0 0.31276 0.439352 0.0140625 0.0583333
0 0.352083 0.533796 0.0208333 0.117593
0 0.899219 0.401852 0.0130208 0.0518519
0 0.891406 0.510648 0.0182292 0.0675926
0 0.423958 0.426852 0.015625 0.0648148
0 0.822135 0.488889 0.0171875 0.0648148
0 0.569531 0.508333 0.0192708 0.0666667
