0 0.861458 0.325926 0.0166667 0.0388889
0 0.556771 0.366667 0.0229167 0.0555556
0 0.515885 0.310185 0.0130208 0.0444444
0 0.617448 0.321759 0.0140625 0.0490741
0 0.695833 0.343519 0.0135417 0.0555556
0 0.664844 0.311111 0.00989583 0.05
0 0.205469 0.453241 0.0171875 0.062037
0 0.458594 0.391667 0.0140625 0.0518519
0 0.916667 0.413889 0.0166667 0.0537037
0 0.561198 0.4375 0.0223958 0.0601852
0 0.359635 0.437963 0.0182292 0.0574074
0 0.432813 0.539352 0.0177083 0.0583333
0 0.240104 0.605556 0.0166667 0.0740741
0 0.934375 0.54537 0.0229167 0.0722222
0 0.578385 0.530093 0.0234375 0.0657407
0 0.347656 0.536574 0.0192708 0.0601852
0 0.80651 0.49537 0.0234375 0.0574074
