0 0.416406 0.515741 0.0421875 0.0685185
0 0.680469 0.336111 0.0192708 0.0648148
0 0.447396 0.409259 0.0104167 0.0537037
0 0.547396 0.353704 0.0135417 0.0777778
0 0.902083 0.312037 0.0135417 0.0537037
0 0.957552 0.439815 0.0161458 0.0611111
0 0.646615 0.332407 0.0109375 0.0574074
0 0.557813 0.456019 0.0125 0.062037
0 0.491667 0.452315 0.01875 0.0694444
0 0.39401 0.516204 0.0151042 0.0675926
0 0.804948 0.376852 0.0161458 0.0592593
0 0.430729 0.512037 0.0166667 0.0685185
0 0.567448 0.54537 0.0161458 0.0703704
0 0.822656 0.516667 0.0171875 0.0740741
0 0.485417 0.581481 0.01875 0.0796296
0 0.917448 0.537963 0.0171875 0.0703704
