0 0.65625 0.429167 0.0166667 0.0601852
0 0.953646 0.317593 0.0145833 0.05
0 0.346615 0.628241 0.0140625 0.0398148
0 0.664062 0.428704 0.0166667 0.05
0 0.71224 0.316667 0.0192708 0.0518519
0 0.978125 0.386111 0.0135417 0.0537037
0 0.49375 0.562037 0.0177083 0.0685185
0 0.546615 0.385185 0.0109375 0.0481481
0 0.23724 0.444444 0.0182292 0.0666667
0 0.639323 0.38287 0.0119792 0.0527778
0 0.461979 0.548611 0.0239583 0.062037
0 0.671615 0.531482 0.0171875 0.0666667
0 0.472917 0.447685 0.0166667 0.0638889
0 0.914583 0.489815 0.0166667 0.0611111
