0 0.358073 0.440741 0.0171875 0.0444444
0 0.444792 0.408333 0.0114583 0.0518519
0 0.559896 0.462037 0.0114583 0.0648148
0 0.548177 0.355556 0.0161458 0.0777778
0 0.814062 0.381019 0.0125 0.0583333
0 0.496094 0.451852 0.0182292 0.0685185
0 0.397135 0.518056 0.0161458 0.0694444
0 0.685938 0.335648 0.021875 0.0731481
0 0.910417 0.312037 0.0145833 0.0555556
0 0.653385 0.334259 0.0119792 0.0592593
0 0.965365 0.441667 0.0140625 0.0592593
0 0.440625 0.506944 0.0145833 0.0657407
0 0.922656 0.538426 0.0130208 0.075
0 0.826823 0.516204 0.0192708 0.0731481
0 0.564844 0.546759 0.0171875 0.0712963
0 0.490885 0.581481 0.0171875 0.0759259
