0 0.541146 0.293519 0.009375 0.0407407
0 0.567187 0.309259 0.0145833 0.0518519
0 0.83151 0.286574 0.0130208 0.0546296
38 0.327344 0.534259 0.0234375 0.103704
0 0.285937 0.436574 0.015625 0.0583333
0 0.597396 0.309722 0.0125 0.0527778
0 0.554167 0.362963 0.0166667 0.0481481
0 0.535677 0.419444 0.0171875 0.0574074
0 0.444271 0.379167 0.0125 0.0509259
0 0.68724 0.349074 0.0161458 0.0537037
0 0.549479 0.506944 0.01875 0.0675926
0 0.795833 0.485185 0.015625 0.0648148
0 0.392708 0.426389 0.015625 0.0675926
0 0.723177 0.331481 0.0109375 0.0574074
0 0.328906 0.531944 0.0244792 0.110185
0 0.866406 0.505093 0.0151042 0.0675926
0 0.876823 0.399537 0.0119792 0.0564815
0 0.478906 0.55 0.0192708 0.0740741
