0 0.697135 0.325463 0.0119792 0.062037
0 0.691667 0.335185 0.015625 0.0685185
0 0.436979 0.4125 0.0145833 0.0583333
0 0.684896 0.346759 0.0166667 0.0583333
0 0.548177 0.357407 0.0171875 0.0796296
0 0.364583 0.431944 0.015625 0.0675926
0 0.501562 0.450926 0.015625 0.0685185
0 0.560938 0.465278 0.0145833 0.0657407
0 0.971094 0.444907 0.0151042 0.0657407
0 0.658594 0.333796 0.0130208 0.062037
0 0.452865 0.497222 0.0161458 0.0685185
0 0.400521 0.517593 0.0177083 0.0685185
0 0.918229 0.315741 0.0145833 0.0555556
0 0.820312 0.383796 0.0125 0.0564815
0 0.558333 0.551852 0.0166667 0.0777778
0 0.927865 0.539815 0.0119792 0.0740741
0 0.831771 0.516667 0.0177083 0.0740741
0 0.496615 0.578241 0.0192708 0.0712963
