0 0.432813 0.566204 0.04375 0.0694444
0 0.301562 0.632407 0.0135417 0.0351852
0 0.635938 0.289815 0.0114583 0.0444444
0 0.916406 0.312963 0.0182292 0.0537037
0 0.670313 0.31713 0.015625 0.0527778
0 0.50651 0.389815 0.0151042 0.0537037
0 0.623958 0.427778 0.0208333 0.0518519
0 0.190625 0.44537 0.0166667 0.0666667
0 0.598958 0.383796 0.0135417 0.0527778
0 0.932292 0.380556 0.0135417 0.0537037
0 0.445052 0.57037 0.0171875 0.0666667
0 0.958333 0.547685 0.0177083 0.075
0 0.418229 0.552315 0.01875 0.062037
0 0.435677 0.448148 0.0203125 0.0666667
0 0.872396 0.488889 0.0197917 0.062963
0 0.628646 0.532407 0.01875 0.0648148
