0 0.630469 0.425 0.0296875 0.0666667
56 0.0559896 0.505093 0.0296875 0.0638889
0 0.596875 0.293519 0.01875 0.0555556
56 0.0783854 0.489352 0.0265625 0.0731481
0 0.326823 0.636111 0.0151042 0.0425926
0 0.93724 0.3125 0.0130208 0.0527778
0 0.213802 0.443981 0.0171875 0.0657407
0 0.690885 0.316204 0.0171875 0.0527778
0 0.619531 0.38287 0.0130208 0.0546296
0 0.442969 0.549537 0.0182292 0.0583333
0 0.46901 0.569907 0.0182292 0.0657407
0 0.646354 0.426852 0.0197917 0.0518519
0 0.528646 0.388889 0.0166667 0.0555556
0 0.955469 0.381944 0.0130208 0.0546296
0 0.982552 0.547685 0.0171875 0.0694444
0 0.896875 0.489352 0.01875 0.062037
0 0.458854 0.448148 0.0197917 0.0666667
0 0.651823 0.532407 0.0192708 0.0648148
