0 0.697396 0.323611 0.0125 0.0601852
0 0.692187 0.335185 0.015625 0.0666667
0 0.4375 0.411111 0.0125 0.0537037
0 0.548698 0.358333 0.0161458 0.0777778
0 0.685156 0.348148 0.0182292 0.0592593
0 0.364844 0.431481 0.0151042 0.0685185
0 0.502083 0.450926 0.015625 0.0685185
0 0.561198 0.464815 0.0161458 0.0666667
0 0.91901 0.315741 0.0151042 0.0555556
0 0.401302 0.51713 0.0171875 0.0694444
0 0.453385 0.497222 0.0171875 0.0685185
0 0.820833 0.383333 0.0114583 0.0555556
0 0.971615 0.444444 0.0151042 0.0666667
0 0.658854 0.334259 0.0125 0.062963
0 0.558854 0.551852 0.0166667 0.0777778
0 0.928125 0.539352 0.0114583 0.0731481
0 0.833594 0.51713 0.0182292 0.0712963
0 0.496875 0.578241 0.01875 0.0712963
