0 0.413542 0.516204 0.046875 0.0694444
0 0.68099 0.334259 0.0203125 0.0685185
0 0.447135 0.409722 0.0109375 0.0546296
0 0.547135 0.353704 0.0140625 0.0796296
0 0.902865 0.312963 0.0151042 0.0537037
0 0.958594 0.440741 0.0161458 0.0611111
0 0.647135 0.331944 0.0109375 0.0564815
0 0.557813 0.456481 0.0125 0.062963
0 0.39401 0.516204 0.0151042 0.0675926
0 0.491927 0.452778 0.0192708 0.0703704
0 0.431771 0.5125 0.015625 0.0675926
0 0.80599 0.377315 0.0140625 0.0601852
0 0.485938 0.581944 0.01875 0.0787037
0 0.917708 0.537963 0.0166667 0.0703704
0 0.822917 0.516667 0.0177083 0.0740741
0 0.567187 0.545833 0.0166667 0.0712963
