0 0.598177 0.298148 0.0192708 0.0574074
0 0.460677 0.565741 0.0369792 0.0685185
56 0.0796875 0.486574 0.0260417 0.0805556
0 0.936979 0.312963 0.0125 0.0555556
0 0.328125 0.635185 0.0145833 0.0425926
0 0.692708 0.318056 0.015625 0.0509259
0 0.214844 0.444444 0.0171875 0.0666667
0 0.95625 0.381019 0.0135417 0.0546296
0 0.648177 0.427778 0.0203125 0.0537037
0 0.620573 0.382407 0.0130208 0.0537037
0 0.469271 0.569907 0.0177083 0.0657407
0 0.529688 0.389815 0.015625 0.0518519
0 0.442969 0.55 0.0182292 0.0611111
0 0.983594 0.547685 0.0171875 0.0712963
0 0.897135 0.489352 0.0192708 0.062037
0 0.459375 0.448148 0.0197917 0.0648148
0 0.652865 0.532407 0.0192708 0.0648148
