0 0.788281 0.285185 0.0119792 0.0555556
0 0.494792 0.297685 0.0114583 0.0435185
0 0.49974 0.358333 0.0182292 0.0462963
0 0.247656 0.442593 0.0161458 0.0574074
0 0.401823 0.387963 0.0109375 0.0462963
0 0.552865 0.305093 0.0109375 0.0546296
0 0.535937 0.312037 0.0135417 0.0537037
0 0.80599 0.508333 0.0151042 0.0685185
0 0.359115 0.42963 0.0203125 0.0611111
0 0.617448 0.343519 0.0171875 0.0537037
0 0.4875 0.418981 0.0125 0.0564815
0 0.817969 0.400463 0.0161458 0.0546296
0 0.283073 0.538889 0.0192708 0.109259
0 0.685938 0.337037 0.0114583 0.0574074
0 0.490625 0.505556 0.015625 0.062963
0 0.415365 0.547685 0.0213542 0.0694444
0 0.742708 0.490278 0.01875 0.0601852
