0 0.492708 0.305093 0.0114583 0.0435185
0 0.485417 0.345833 0.0145833 0.0564815
0 0.788802 0.287037 0.0109375 0.0537037
0 0.555208 0.313889 0.0166667 0.0611111
0 0.405729 0.389815 0.0114583 0.0518519
0 0.488802 0.423148 0.0130208 0.0555556
0 0.598958 0.330093 0.015625 0.0564815
0 0.383073 0.425 0.0109375 0.0666667
0 0.2625 0.441667 0.0145833 0.0592593
0 0.794792 0.499537 0.0166667 0.0675926
0 0.690625 0.343981 0.0104167 0.0583333
0 0.291146 0.506019 0.0208333 0.0638889
0 0.490885 0.505093 0.0130208 0.0638889
0 0.822396 0.400926 0.0135417 0.0555556
0 0.7375 0.492593 0.01875 0.0648148
0 0.315885 0.546759 0.0234375 0.0638889
0 0.40625 0.553704 0.01875 0.0685185
