0 0.658594 0.342593 0.0161458 0.0574074
0 0.673698 0.328241 0.0130208 0.0712963
0 0.410937 0.413889 0.0104167 0.0555556
0 0.347135 0.427778 0.0171875 0.0666667
0 0.523958 0.360648 0.0177083 0.075
0 0.636719 0.3375 0.0140625 0.0564815
0 0.480469 0.450463 0.0151042 0.0731481
0 0.944271 0.440741 0.0135417 0.0648148
0 0.53776 0.4625 0.0171875 0.0675926
0 0.795313 0.38287 0.0125 0.0601852
0 0.379427 0.517593 0.0151042 0.0666667
0 0.891146 0.312963 0.0125 0.0555556
0 0.435677 0.492593 0.0151042 0.0685185
0 0.476823 0.576852 0.0192708 0.0740741
0 0.9 0.537037 0.015625 0.0740741
0 0.807031 0.515278 0.0171875 0.0675926
0 0.531771 0.556481 0.0208333 0.0722222
