0 0.6125 0.319907 0.0125 0.0527778
0 0.451042 0.420833 0.0239583 0.0564815
0 0.628906 0.328241 0.0151042 0.0509259
0 0.64974 0.328241 0.0130208 0.0546296
0 0.855208 0.3 0.0125 0.0481481
0 0.525781 0.343519 0.0182292 0.0759259
0 0.438542 0.407407 0.0145833 0.05
0 0.533333 0.44213 0.0135417 0.0583333
0 0.388021 0.526852 0.0145833 0.0703704
0 0.75625 0.363426 0.0125 0.0583333
0 0.895052 0.425 0.0151042 0.0574074
0 0.365104 0.512963 0.0166667 0.0666667
0 0.864062 0.527778 0.0177083 0.0685185
0 0.461458 0.449537 0.0177083 0.062037
0 0.541146 0.530093 0.015625 0.0657407
0 0.783594 0.509722 0.0161458 0.0694444
0 0.457812 0.576852 0.0177083 0.0722222
