0 0.415885 0.396759 0.0182292 0.0564815
0 0.489062 0.35 0.0125 0.0444444
0 0.282552 0.439352 0.0203125 0.0583333
0 0.410417 0.418519 0.0229167 0.0944444
0 0.502604 0.310185 0.0104167 0.0481481
0 0.501302 0.426389 0.0140625 0.0564815
0 0.706771 0.347685 0.0125 0.0527778
0 0.802865 0.288889 0.0109375 0.05
0 0.572396 0.316204 0.0135417 0.062037
0 0.608073 0.325926 0.0130208 0.0574074
0 0.749219 0.496296 0.0203125 0.0685185
0 0.838802 0.40787 0.0140625 0.0546296
0 0.80651 0.50463 0.0151042 0.0685185
0 0.314063 0.505093 0.015625 0.0657407
0 0.505208 0.509722 0.015625 0.0657407
0 0.339583 0.536574 0.01875 0.0731481
0 0.418229 0.5625 0.0177083 0.0731481
