0 0.464583 0.563889 0.0395833 0.0703704
0 0.602344 0.29537 0.0182292 0.0537037
0 0.663281 0.288889 0.0130208 0.0444444
0 0.942969 0.313889 0.0140625 0.0537037
0 0.333594 0.631944 0.0140625 0.0361111
0 0.697396 0.316667 0.0166667 0.0518519
0 0.448698 0.551852 0.0171875 0.0592593
0 0.47474 0.56713 0.0161458 0.0675926
0 0.626302 0.384722 0.0119792 0.0509259
0 0.9875 0.549537 0.0208333 0.0694444
0 0.534635 0.390278 0.0151042 0.0564815
0 0.652865 0.426389 0.0203125 0.0509259
0 0.961458 0.381944 0.0135417 0.0546296
0 0.221094 0.443519 0.0171875 0.0666667
0 0.464844 0.448148 0.0213542 0.0648148
0 0.903385 0.488889 0.0182292 0.0611111
0 0.658073 0.531944 0.0192708 0.0694444
