0 0.490885 0.350926 0.0171875 0.0444444
0 0.490885 0.302778 0.00989583 0.0444444
0 0.552604 0.306019 0.0145833 0.0564815
0 0.284375 0.50463 0.0208333 0.0666667
0 0.540625 0.310648 0.0145833 0.0546296
0 0.785677 0.289815 0.0130208 0.0518519
0 0.401302 0.384722 0.0119792 0.0472222
0 0.603646 0.335185 0.01875 0.0518519
0 0.484896 0.422685 0.0135417 0.0564815
0 0.252083 0.443981 0.0135417 0.0583333
0 0.369531 0.426389 0.0161458 0.062037
0 0.294271 0.548148 0.0229167 0.0685185
0 0.486979 0.505556 0.0166667 0.0685185
0 0.796875 0.499537 0.0135417 0.0694444
0 0.73724 0.4875 0.0182292 0.0564815
0 0.685938 0.337963 0.0104167 0.0537037
0 0.815104 0.399537 0.0125 0.0564815
0 0.406771 0.544907 0.0208333 0.0731481
