0 0.508333 0.363889 0.0145833 0.0444444
0 0.532292 0.309722 0.0125 0.0564815
0 0.554948 0.30787 0.0119792 0.0509259
0 0.992708 0.418981 0.0145833 0.062037
0 0.401823 0.388426 0.0119792 0.0490741
0 0.790885 0.2875 0.0140625 0.0564815
0 0.281771 0.525463 0.01875 0.106481
0 0.629687 0.346296 0.0197917 0.0555556
0 0.24349 0.444444 0.0171875 0.0592593
0 0.278906 0.559722 0.0192708 0.062037
0 0.426302 0.547685 0.0234375 0.062037
0 0.489583 0.42037 0.0135417 0.0555556
0 0.354688 0.425926 0.0135417 0.0648148
0 0.685938 0.336111 0.0125 0.0555556
0 0.498177 0.50787 0.0171875 0.0657407
0 0.816406 0.50787 0.0182292 0.0657407
0 0.748438 0.485648 0.0166667 0.0638889
0 0.827344 0.4 0.0130208 0.0518519
