0 0.398177 0.407407 0.0182292 0.0574074
0 0.265885 0.448611 0.0192708 0.0564815
0 0.485677 0.493056 0.0161458 0.121296
0 0.47526 0.356944 0.0140625 0.0435185
0 0.489062 0.319907 0.009375 0.0453704
0 0.594792 0.331481 0.0145833 0.0537037
0 0.794531 0.29537 0.0130208 0.0518519
0 0.395312 0.42963 0.0208333 0.0962963
0 0.485156 0.4375 0.0140625 0.0638889
0 0.297917 0.514352 0.0166667 0.0638889
0 0.489323 0.518519 0.0151042 0.0648148
0 0.560938 0.325463 0.0135417 0.0657407
0 0.694531 0.355556 0.0130208 0.0574074
0 0.828385 0.415741 0.0151042 0.0574074
0 0.322917 0.541667 0.0197917 0.0703704
0 0.79349 0.514352 0.0171875 0.0675926
0 0.734896 0.505093 0.0177083 0.0657407
0 0.399219 0.574537 0.0161458 0.0675926
