0 0.363542 0.521296 0.0333333 0.0666667
0 0.623177 0.330093 0.0182292 0.0601852
0 0.630208 0.326852 0.0145833 0.0611111
0 0.407292 0.415278 0.0114583 0.0583333
0 0.615885 0.334259 0.0140625 0.0518519
0 0.883594 0.427315 0.0151042 0.0546296
0 0.500521 0.348611 0.0145833 0.0768519
0 0.509375 0.451852 0.0125 0.0592593
0 0.345573 0.518056 0.0161458 0.0638889
0 0.440625 0.452315 0.015625 0.0638889
0 0.836719 0.305556 0.0130208 0.0574074
0 0.590365 0.328241 0.0119792 0.0546296
0 0.738021 0.37037 0.015625 0.0592593
0 0.373437 0.521759 0.015625 0.0657407
0 0.846094 0.531018 0.0171875 0.0694444
0 0.519792 0.535185 0.0145833 0.062963
0 0.435677 0.580093 0.0182292 0.0768519
0 0.761719 0.513426 0.0171875 0.0657407
