0 0.468229 0.252315 0.0125 0.0527778
0 0.247656 0.324537 0.00885417 0.0305556
0 0.377083 0.266667 0.009375 0.0518519
0 0.552604 0.281944 0.009375 0.0435185
0 0.445312 0.251852 0.009375 0.037037
0 0.383854 0.338426 0.009375 0.0453704
62 0.836979 0.655556 0.317708 0.646296
0 0.340625 0.331481 0.0125 0.05
0 0.302083 0.369907 0.0104167 0.0472222
0 0.627604 0.391667 0.0104167 0.0537037
0 0.389583 0.394907 0.0104167 0.0472222
0 0.336979 0.41713 0.0114583 0.0509259
0 0.564062 0.376852 0.0104167 0.05
0 0.27526 0.374074 0.00989583 0.05
