56 0.120573 0.482407 0.0255208 0.0722222
0 0.701302 0.303241 0.0109375 0.0472222
0 0.573438 0.304167 0.0114583 0.0509259
0 0.616146 0.406481 0.0177083 0.105556
0 0.613802 0.37037 0.0161458 0.0574074
0 0.67526 0.315278 0.0119792 0.0435185
0 0.492708 0.534259 0.015625 0.0592593
0 0.969271 0.403704 0.0177083 0.0555556
0 0.421615 0.434259 0.0182292 0.0648148
0 0.514323 0.386574 0.0119792 0.0453704
0 0.247656 0.448611 0.0161458 0.0657407
0 0.621875 0.428704 0.015625 0.0518519
0 0.740885 0.328241 0.0119792 0.0583333
0 0.991667 0.539815 0.015625 0.0740741
0 0.641146 0.524074 0.01875 0.0648148
0 0.415365 0.533333 0.0140625 0.0611111
0 0.304427 0.610648 0.0244792 0.0694444
0 0.869792 0.488889 0.0177083 0.0611111
