0 0.107813 0.440278 0.025 0.087963
0 0.532031 0.309259 0.0119792 0.0537037
0 0.510677 0.363426 0.0161458 0.0453704
0 0.556771 0.307407 0.0114583 0.0518519
0 0.244792 0.439352 0.0135417 0.0527778
0 0.992448 0.420833 0.0151042 0.0601852
0 0.403385 0.386574 0.0109375 0.0509259
0 0.791146 0.288889 0.0135417 0.0537037
0 0.634635 0.347222 0.0161458 0.0574074
0 0.285156 0.506481 0.0192708 0.0666667
0 0.279687 0.560185 0.021875 0.0611111
0 0.81849 0.509259 0.0161458 0.0703704
0 0.429427 0.548148 0.0255208 0.0592593
0 0.83099 0.4 0.0161458 0.0537037
0 0.353646 0.425463 0.0145833 0.0657407
0 0.501302 0.506481 0.0203125 0.0685185
0 0.490885 0.42037 0.0130208 0.0555556
0 0.686719 0.335648 0.0130208 0.0546296
0 0.751823 0.485185 0.0182292 0.0648148
