32 0.00833333 0.994907 0.0104167 0.0101852
0 0.576302 0.306481 0.0109375 0.0425926
0 0.38151 0.555093 0.0307292 0.0787037
0 0.882812 0.293056 0.0114583 0.0527778
0 0.571094 0.350926 0.0140625 0.0518519
0 0.370313 0.515278 0.0208333 0.0601852
0 0.463281 0.430556 0.0140625 0.0666667
0 0.573958 0.431944 0.015625 0.0527778
0 0.640104 0.317593 0.0166667 0.0555556
0 0.488021 0.393519 0.0114583 0.0518519
0 0.68776 0.337963 0.0151042 0.0555556
0 0.894531 0.51713 0.0192708 0.0712963
0 0.340625 0.446296 0.015625 0.062963
0 0.782552 0.349537 0.0109375 0.0583333
0 0.578646 0.516667 0.0135417 0.062963
0 0.919271 0.414352 0.0135417 0.0583333
0 0.394792 0.558796 0.0229167 0.0657407
0 0.492188 0.564352 0.021875 0.0675926
0 0.834375 0.506944 0.0177083 0.0657407
