0 0.484375 0.3125 0.0114583 0.0435185
0 0.47474 0.355556 0.0140625 0.0481481
0 0.548437 0.323148 0.0177083 0.0592593
0 0.282292 0.515278 0.0177083 0.0583333
0 0.394271 0.569444 0.0177083 0.0666667
0 0.251042 0.449074 0.0145833 0.0592593
0 0.785156 0.29537 0.0109375 0.0537037
0 0.395833 0.398148 0.0114583 0.0518519
0 0.819271 0.412963 0.015625 0.0574074
0 0.478906 0.434259 0.0140625 0.0555556
0 0.48125 0.514352 0.0135417 0.0601852
0 0.37474 0.437963 0.0130208 0.0648148
0 0.685156 0.352315 0.0109375 0.0583333
0 0.78776 0.5125 0.0182292 0.0675926
0 0.590625 0.336574 0.0135417 0.0546296
0 0.731771 0.502778 0.0197917 0.062963
0 0.30651 0.556481 0.0223958 0.0685185
