0 0.509635 0.293056 0.00989583 0.0435185
0 0.296094 0.510648 0.0203125 0.0731481
0 0.535937 0.309722 0.015625 0.0509259
0 0.800781 0.289352 0.0119792 0.0472222
0 0.521875 0.36713 0.015625 0.0453704
0 0.25026 0.4375 0.0140625 0.0564815
0 0.410937 0.381944 0.0145833 0.0527778
0 0.565885 0.309259 0.0119792 0.0537037
0 0.653385 0.346296 0.0161458 0.0555556
0 0.290625 0.538889 0.0229167 0.105556
0 0.501562 0.421296 0.0135417 0.0574074
0 0.358073 0.427315 0.0151042 0.0675926
0 0.831771 0.506481 0.015625 0.0666667
0 0.513021 0.507407 0.0166667 0.0648148
0 0.692448 0.333333 0.0109375 0.0592593
0 0.84401 0.4 0.0130208 0.0574074
0 0.761719 0.486111 0.0171875 0.0685185
0 0.441406 0.550926 0.0213542 0.0740741
