0 0.521875 0.30787 0.0125 0.0527778
0 0.495573 0.298611 0.0109375 0.0398148
0 0.671094 0.342593 0.0151042 0.0722222
0 0.540625 0.373611 0.0114583 0.0564815
0 0.821875 0.305556 0.0125 0.0648148
0 0.589323 0.328241 0.0119792 0.0546296
0 0.528646 0.436111 0.0177083 0.0537037
0 0.430208 0.390741 0.0135417 0.0518519
0 0.677865 0.324074 0.0109375 0.05
0 0.294271 0.523611 0.0145833 0.0509259
0 0.21849 0.450463 0.0171875 0.0657407
0 0.666146 0.364815 0.015625 0.05
0 0.417188 0.567593 0.0177083 0.0666667
0 0.227344 0.566667 0.0244792 0.062963
0 0.876562 0.415278 0.0145833 0.0546296
0 0.345833 0.445833 0.0177083 0.0601852
0 0.546094 0.526389 0.0171875 0.062037
0 0.770833 0.494907 0.0166667 0.0675926
0 0.876823 0.535185 0.0203125 0.0648148
