0 0.795573 0.29213 0.0109375 0.0472222
0 0.503385 0.295833 0.0130208 0.0435185
0 0.532292 0.310185 0.0135417 0.0537037
0 0.992448 0.418519 0.0151042 0.0592593
0 0.246094 0.439815 0.0171875 0.0574074
0 0.643229 0.346759 0.0166667 0.0527778
0 0.560417 0.308333 0.0114583 0.0555556
0 0.40599 0.381944 0.0130208 0.0527778
0 0.514844 0.364815 0.0161458 0.05
0 0.286458 0.534722 0.0270833 0.115741
0 0.835417 0.4 0.015625 0.0574074
0 0.50651 0.507407 0.0161458 0.0666667
0 0.354427 0.425926 0.0130208 0.0611111
0 0.494531 0.421296 0.0151042 0.0574074
0 0.688802 0.333796 0.0119792 0.0546296
0 0.822656 0.508796 0.0161458 0.0712963
0 0.755729 0.486574 0.0166667 0.062037
0 0.434375 0.551389 0.0229167 0.0694444
