56 0.0664062 0.494907 0.0265625 0.062037
0 0.638281 0.314815 0.0182292 0.0481481
0 0.573698 0.372685 0.0182292 0.0583333
0 0.575781 0.406019 0.0182292 0.108333
0 0.195052 0.454167 0.0130208 0.0601852
0 0.36849 0.544444 0.0182292 0.0592593
0 0.579427 0.430556 0.0182292 0.0592593
0 0.696875 0.327778 0.0135417 0.0611111
0 0.470573 0.391204 0.0119792 0.0490741
0 0.442969 0.540741 0.0161458 0.0648148
0 0.927865 0.403241 0.0151042 0.0564815
0 0.597656 0.528704 0.0182292 0.0685185
0 0.378906 0.441204 0.0223958 0.0638889
0 0.947396 0.54537 0.0177083 0.0703704
0 0.251042 0.616667 0.0197917 0.0555556
0 0.830208 0.489815 0.0145833 0.0648148
