0 0.395052 0.519444 0.0411458 0.0666667
0 0.877865 0.302778 0.0130208 0.05
0 0.66901 0.325926 0.0140625 0.0648148
0 0.536719 0.346759 0.0151042 0.0787037
0 0.44375 0.4125 0.0135417 0.0564815
0 0.652344 0.33287 0.0140625 0.0583333
0 0.628125 0.326389 0.0114583 0.0583333
0 0.925781 0.42963 0.0161458 0.0555556
0 0.405729 0.52037 0.0166667 0.0703704
0 0.378125 0.51713 0.0166667 0.0657407
0 0.476302 0.450463 0.0171875 0.0657407
0 0.545573 0.45 0.0130208 0.0592593
0 0.778646 0.368981 0.0166667 0.0583333
0 0.889323 0.53287 0.0161458 0.0694444
0 0.803125 0.515741 0.0177083 0.0666667
0 0.55599 0.534722 0.0161458 0.0638889
0 0.470833 0.577778 0.0166667 0.0722222
