0 0.870573 0.30787 0.0151042 0.0638889
0 0.523958 0.311574 0.0135417 0.0435185
0 0.661458 0.306944 0.009375 0.0453704
0 0.628125 0.319444 0.0114583 0.0481481
0 0.564323 0.366204 0.0130208 0.0583333
0 0.44375 0.540741 0.021875 0.0555556
0 0.924219 0.408796 0.0151042 0.0509259
0 0.20026 0.456944 0.0130208 0.062037
0 0.7 0.336111 0.0125 0.0574074
0 0.465885 0.390741 0.0182292 0.05
0 0.56901 0.4375 0.0182292 0.0583333
0 0.367448 0.443519 0.0171875 0.0611111
0 0.943229 0.541667 0.015625 0.0740741
0 0.244531 0.613426 0.0171875 0.0657407
0 0.358594 0.539352 0.0213542 0.0601852
0 0.819792 0.492593 0.0166667 0.0611111
0 0.590365 0.528704 0.0223958 0.0685185
