0 0.446094 0.409259 0.0109375 0.0518519
0 0.907292 0.310648 0.0135417 0.0509259
0 0.547656 0.354167 0.0161458 0.0787037
0 0.559375 0.460185 0.0125 0.062963
0 0.685417 0.335185 0.0208333 0.0703704
0 0.961979 0.441204 0.015625 0.0583333
0 0.494271 0.451389 0.0177083 0.0694444
0 0.809115 0.378241 0.0119792 0.0601852
0 0.396094 0.51713 0.0161458 0.0694444
0 0.488281 0.581481 0.0182292 0.0759259
0 0.650521 0.33287 0.0114583 0.0564815
0 0.825 0.51713 0.01875 0.0731481
0 0.566667 0.546759 0.0177083 0.0712963
0 0.436719 0.508796 0.0161458 0.0675926
0 0.920313 0.538426 0.0145833 0.075
