0 0.546875 0.30787 0.015625 0.0472222
0 0.520573 0.293519 0.00989583 0.0425926
38 0.302344 0.535648 0.0234375 0.100926
0 0.533594 0.365278 0.0161458 0.0472222
0 0.421875 0.38287 0.0125 0.0509259
0 0.81276 0.2875 0.0119792 0.0527778
0 0.261979 0.438426 0.015625 0.0564815
0 0.577344 0.30787 0.0130208 0.0546296
0 0.369531 0.425926 0.0161458 0.0648148
0 0.702865 0.33287 0.0109375 0.0564815
0 0.527083 0.508333 0.0197917 0.0648148
0 0.514323 0.421296 0.0140625 0.0574074
0 0.665885 0.347222 0.0151042 0.0537037
0 0.84349 0.503704 0.0171875 0.0703704
0 0.85599 0.398611 0.0119792 0.0564815
0 0.304948 0.532407 0.0244792 0.114815
0 0.774219 0.485648 0.0171875 0.0675926
0 0.454427 0.551389 0.0182292 0.0731481
