0 0.489583 0.302778 0.0104167 0.0425926
0 0.290885 0.518056 0.0276042 0.0824074
0 0.48724 0.349074 0.0171875 0.0462963
0 0.784375 0.2875 0.0114583 0.0546296
0 0.546354 0.310648 0.0208333 0.0583333
0 0.401042 0.385648 0.0114583 0.0490741
0 0.283854 0.507407 0.01875 0.0648148
0 0.253906 0.441667 0.0140625 0.0592593
0 0.598958 0.332407 0.0145833 0.0555556
0 0.30026 0.547222 0.0255208 0.0648148
0 0.486979 0.504167 0.0135417 0.0657407
0 0.484375 0.422222 0.0125 0.0574074
0 0.371615 0.424074 0.0130208 0.0611111
0 0.79401 0.499074 0.0140625 0.0722222
0 0.735417 0.488889 0.0166667 0.0611111
0 0.686198 0.338426 0.00989583 0.0546296
0 0.815365 0.399074 0.0119792 0.0574074
0 0.405729 0.545833 0.0229167 0.0768519
