0 0.551562 0.292593 0.009375 0.0388889
32 0.51875 0.388889 0.00625 0.0166667
0 0.576823 0.310185 0.0140625 0.0555556
0 0.840885 0.286574 0.0130208 0.0564815
0 0.296615 0.435185 0.0151042 0.0592593
0 0.607292 0.309259 0.0125 0.0518519
0 0.696615 0.346296 0.0182292 0.0518519
0 0.564844 0.363889 0.0140625 0.0481481
0 0.454427 0.37963 0.0140625 0.0518519
0 0.545833 0.418519 0.015625 0.0574074
0 0.732813 0.331481 0.0114583 0.0555556
0 0.339323 0.531018 0.0223958 0.110185
0 0.886719 0.397685 0.0140625 0.0583333
0 0.403125 0.424537 0.0145833 0.0675926
0 0.877604 0.50463 0.0145833 0.0685185
0 0.560677 0.506944 0.0171875 0.0675926
0 0.806771 0.485185 0.015625 0.0648148
0 0.489062 0.549074 0.0197917 0.0722222
