0 0.504167 0.29537 0.0125 0.0425926
0 0.532552 0.308796 0.0130208 0.0546296
0 0.992708 0.418056 0.0145833 0.0583333
0 0.40651 0.382407 0.0119792 0.0518519
0 0.561719 0.308796 0.0119792 0.0546296
0 0.246094 0.438889 0.0171875 0.0574074
0 0.645833 0.346759 0.0177083 0.0564815
0 0.516146 0.364352 0.0177083 0.0490741
0 0.286198 0.536111 0.0276042 0.112963
0 0.495833 0.419907 0.0135417 0.0564815
0 0.83724 0.399537 0.0151042 0.0583333
0 0.689583 0.333333 0.0104167 0.0555556
0 0.354427 0.426389 0.0130208 0.062037
0 0.507292 0.506481 0.0166667 0.0685185
0 0.82474 0.508796 0.0182292 0.0712963
0 0.757292 0.485648 0.015625 0.0638889
0 0.436198 0.551852 0.0234375 0.0722222
