0 0.700521 0.324537 0.0135417 0.0657407
0 0.68724 0.345833 0.0182292 0.0601852
0 0.694531 0.333796 0.0192708 0.0731481
0 0.922656 0.315278 0.0161458 0.0546296
0 0.550781 0.361111 0.0192708 0.0740741
0 0.439583 0.413426 0.015625 0.0564815
0 0.367448 0.430093 0.0151042 0.0694444
0 0.564844 0.464352 0.0140625 0.0657407
0 0.504948 0.450926 0.0171875 0.0722222
0 0.403646 0.518981 0.015625 0.0675926
0 0.660937 0.334259 0.0125 0.062963
0 0.975781 0.445833 0.0130208 0.0638889
0 0.836198 0.519444 0.0192708 0.0722222
0 0.932031 0.540741 0.0140625 0.0759259
0 0.454688 0.494907 0.0177083 0.0694444
0 0.823958 0.383796 0.0114583 0.0583333
0 0.561458 0.552778 0.01875 0.0796296
0 0.499219 0.578241 0.0182292 0.0787037
