0 0.657552 0.30463 0.00989583 0.05
0 0.575 0.398148 0.01875 0.0981481
56 0.0666667 0.494444 0.0270833 0.0648148
0 0.572917 0.370833 0.01875 0.0564815
0 0.634635 0.312963 0.0140625 0.0444444
0 0.196094 0.458796 0.0161458 0.0657407
0 0.578385 0.431481 0.0171875 0.0592593
0 0.368229 0.540278 0.0177083 0.0638889
0 0.697656 0.329167 0.0119792 0.0583333
0 0.470052 0.391204 0.0119792 0.0490741
0 0.44375 0.539352 0.015625 0.0638889
0 0.596875 0.52963 0.01875 0.0648148
0 0.927604 0.403704 0.0166667 0.0555556
0 0.377344 0.440741 0.0213542 0.062963
0 0.946615 0.543981 0.0161458 0.0694444
0 0.24974 0.615278 0.0223958 0.0583333
0 0.828125 0.488889 0.0135417 0.062963
