0 0.878125 0.315741 0.0197917 0.0574074
0 0.573958 0.390278 0.01875 0.0842593
0 0.658594 0.304167 0.0109375 0.0509259
0 0.571094 0.369444 0.0171875 0.0537037
0 0.633854 0.317593 0.015625 0.0481481
0 0.196875 0.452778 0.0145833 0.062963
0 0.469531 0.390741 0.0119792 0.05
0 0.444271 0.538889 0.0166667 0.0611111
0 0.698438 0.327778 0.0125 0.0592593
0 0.577083 0.434259 0.0135417 0.0611111
0 0.366927 0.538889 0.0140625 0.0611111
0 0.927344 0.405556 0.0192708 0.0537037
0 0.946615 0.541667 0.0161458 0.0685185
0 0.374219 0.44213 0.0192708 0.0638889
0 0.595052 0.529167 0.0182292 0.0657407
0 0.826302 0.490278 0.0161458 0.062037
0 0.248698 0.615278 0.0223958 0.062037
