0 0.641667 0.336574 0.040625 0.0712963
0 0.329688 0.435185 0.0166667 0.05
0 0.407813 0.408796 0.0135417 0.0527778
0 0.654948 0.334722 0.0182292 0.0768519
0 0.927083 0.441667 0.0135417 0.0592593
0 0.515625 0.358796 0.0177083 0.075
0 0.874479 0.3125 0.0145833 0.0546296
0 0.778646 0.382407 0.0104167 0.0555556
0 0.526823 0.544444 0.0171875 0.0722222
0 0.368229 0.51713 0.0145833 0.0675926
0 0.527083 0.463426 0.0125 0.0638889
0 0.466406 0.45 0.0182292 0.0722222
0 0.884375 0.535648 0.0145833 0.0712963
0 0.620052 0.335185 0.0130208 0.0592593
0 0.46224 0.578704 0.0182292 0.0740741
0 0.415365 0.503241 0.0161458 0.0694444
0 0.791406 0.513889 0.0171875 0.0685185
