0 0.348958 0.448148 0.0145833 0.0333333
0 0.679427 0.331019 0.0182292 0.0694444
0 0.949479 0.439352 0.0166667 0.0564815
0 0.896875 0.309259 0.0135417 0.0574074
0 0.447135 0.412963 0.0119792 0.0592593
0 0.488281 0.452778 0.0171875 0.0666667
0 0.545313 0.352315 0.0145833 0.0768519
0 0.555469 0.455556 0.0119792 0.062963
0 0.641667 0.331944 0.0125 0.0583333
0 0.424479 0.514815 0.01875 0.0666667
0 0.796875 0.376389 0.01875 0.0601852
0 0.911198 0.537037 0.0171875 0.0740741
0 0.567187 0.541667 0.015625 0.0703704
0 0.390365 0.516667 0.0140625 0.0648148
0 0.817448 0.515741 0.0171875 0.0722222
0 0.482031 0.57963 0.0171875 0.0722222
