0 0.489844 0.301852 0.00989583 0.0388889
0 0.175 0.340278 0.0135417 0.0601852
0 0.485417 0.348148 0.0166667 0.05
0 0.786719 0.2875 0.0119792 0.0527778
0 0.551042 0.310648 0.0197917 0.0583333
0 0.258333 0.440278 0.0177083 0.062037
0 0.597396 0.331481 0.0145833 0.0555556
0 0.488802 0.505093 0.0130208 0.0657407
0 0.485417 0.424074 0.0145833 0.0537037
0 0.286719 0.507407 0.0182292 0.0611111
0 0.402083 0.389352 0.0104167 0.0527778
0 0.376823 0.424537 0.0130208 0.0675926
0 0.794271 0.498148 0.0177083 0.0703704
0 0.688802 0.339815 0.0109375 0.0537037
0 0.735677 0.489815 0.0171875 0.062963
0 0.308594 0.548148 0.0265625 0.0666667
0 0.81849 0.400463 0.0140625 0.0601852
0 0.405208 0.55 0.0208333 0.0722222
