0 0.588021 0.393519 0.0177083 0.0759259
56 0.0544271 0.493056 0.0255208 0.0638889
0 0.553385 0.297222 0.0171875 0.0574074
0 0.584896 0.379167 0.0145833 0.0527778
0 0.897656 0.31713 0.0130208 0.0453704
0 0.653385 0.31713 0.0171875 0.0490741
0 0.183854 0.453704 0.0135417 0.062963
0 0.677083 0.317593 0.0125 0.0518519
0 0.485417 0.389815 0.0177083 0.0518519
0 0.601302 0.427778 0.0151042 0.0537037
0 0.930469 0.390741 0.0119792 0.0537037
0 0.273177 0.626852 0.0192708 0.0462963
0 0.390365 0.550926 0.0182292 0.0611111
0 0.403906 0.449537 0.0182292 0.0601852
0 0.949479 0.543056 0.0197917 0.0712963
0 0.445312 0.558796 0.0197917 0.0638889
0 0.847917 0.490278 0.0177083 0.062037
0 0.611719 0.531944 0.0213542 0.0675926
