0 0.107552 0.4375 0.0244792 0.0824074
0 0.284635 0.533333 0.0265625 0.107407
0 0.532031 0.308796 0.0119792 0.0527778
0 0.510677 0.363426 0.0161458 0.0472222
0 0.99401 0.421759 0.0119792 0.062037
0 0.557292 0.30787 0.0125 0.0527778
0 0.245312 0.439352 0.0135417 0.0546296
0 0.285937 0.506481 0.0208333 0.0666667
0 0.279948 0.560185 0.0223958 0.062963
0 0.791667 0.288426 0.0135417 0.0546296
0 0.403646 0.387037 0.0114583 0.0537037
0 0.636458 0.348148 0.0135417 0.0574074
0 0.820052 0.508796 0.0151042 0.0712963
0 0.353385 0.426389 0.0140625 0.0657407
0 0.831771 0.399074 0.0166667 0.0537037
0 0.491146 0.419907 0.0135417 0.0564815
0 0.502344 0.506019 0.0203125 0.0675926
0 0.686979 0.335185 0.0125 0.0537037
0 0.429948 0.549074 0.0255208 0.0648148
0 0.752865 0.486111 0.0182292 0.0648148
