0 0.785417 0.3 0.0125 0.0592593
0 0.49401 0.385185 0.0161458 0.0685185
0 0.488802 0.306481 0.00989583 0.0481481
0 0.523958 0.319444 0.0125 0.062963
0 0.992188 0.428704 0.015625 0.0648148
0 0.228385 0.45463 0.0130208 0.0592593
0 0.26875 0.52037 0.0177083 0.0648148
0 0.546354 0.315278 0.0125 0.0564815
0 0.497917 0.371296 0.015625 0.05
0 0.622135 0.354167 0.0213542 0.0546296
0 0.2625 0.576852 0.0197917 0.0611111
0 0.342187 0.437037 0.0135417 0.0666667
0 0.809896 0.51713 0.0145833 0.0675926
0 0.478646 0.430093 0.0135417 0.0527778
0 0.390625 0.397685 0.0114583 0.0490741
0 0.679688 0.344444 0.0114583 0.0537037
0 0.821354 0.409259 0.0145833 0.0537037
0 0.411979 0.558333 0.0197917 0.062963
0 0.484896 0.516667 0.015625 0.0666667
0 0.742969 0.493981 0.0151042 0.0657407
