0 0.641406 0.29213 0.0119792 0.0416667
0 0.919271 0.312963 0.0145833 0.0518519
0 0.307292 0.632407 0.0135417 0.0351852
0 0.674219 0.317593 0.0171875 0.0518519
0 0.449219 0.568519 0.0151042 0.0685185
0 0.510417 0.390278 0.015625 0.0527778
0 0.602083 0.384722 0.0114583 0.0527778
0 0.628646 0.426852 0.0197917 0.05
0 0.195833 0.444907 0.0166667 0.0675926
0 0.961979 0.547685 0.021875 0.0712963
0 0.422396 0.552315 0.0177083 0.062037
0 0.93724 0.381944 0.0119792 0.0527778
0 0.440104 0.449074 0.021875 0.0648148
0 0.878385 0.488426 0.0182292 0.0601852
0 0.633073 0.532407 0.0192708 0.0685185
