0 0.467969 0.252778 0.0119792 0.0518519
0 0.247917 0.325463 0.00833333 0.0268519
0 0.377865 0.265741 0.00989583 0.05
0 0.383594 0.3375 0.00885417 0.0435185
0 0.445312 0.252315 0.009375 0.0361111
0 0.552604 0.282407 0.009375 0.0425926
62 0.829427 0.659259 0.330729 0.603704
0 0.340625 0.332407 0.0114583 0.05
0 0.302083 0.369907 0.0104167 0.0472222
0 0.627604 0.391204 0.0104167 0.0527778
0 0.389323 0.394444 0.0109375 0.0481481
0 0.564062 0.376389 0.0104167 0.0509259
0 0.336979 0.417593 0.0114583 0.0518519
0 0.27526 0.374537 0.00989583 0.0509259
