0 0.485677 0.347685 0.0140625 0.0546296
0 0.556771 0.314352 0.0166667 0.062037
0 0.789844 0.288426 0.0109375 0.0527778
0 0.407552 0.388889 0.0119792 0.05
0 0.489844 0.424537 0.0119792 0.0546296
0 0.293229 0.506481 0.0208333 0.0648148
0 0.795833 0.498148 0.0166667 0.0666667
0 0.692448 0.343519 0.0119792 0.0574074
0 0.599479 0.32963 0.0145833 0.0555556
0 0.264323 0.441204 0.0140625 0.062037
0 0.492188 0.506019 0.0135417 0.0638889
0 0.739323 0.49213 0.0171875 0.062037
0 0.823958 0.402315 0.0145833 0.0546296
0 0.318229 0.546296 0.0229167 0.0648148
0 0.385938 0.425926 0.0104167 0.0703704
0 0.407552 0.553704 0.0182292 0.0703704
