0 0.575521 0.314352 0.015625 0.0416667
0 0.716146 0.331019 0.0166667 0.0527778
56 0.133073 0.489352 0.0255208 0.0675926
0 0.561979 0.289352 0.0114583 0.037963
0 0.859375 0.296759 0.0114583 0.0564815
0 0.321615 0.541667 0.0276042 0.0592593
0 0.577344 0.364352 0.0192708 0.0472222
0 0.709896 0.346759 0.0104167 0.0546296
0 0.35 0.506019 0.0135417 0.0583333
0 0.617188 0.315278 0.0135417 0.0490741
0 0.291927 0.42963 0.0203125 0.062963
0 0.401563 0.426389 0.015625 0.0657407
0 0.464323 0.376852 0.0119792 0.0518519
0 0.563542 0.421759 0.0135417 0.0564815
0 0.577344 0.503704 0.0213542 0.0666667
0 0.896354 0.399537 0.0145833 0.0527778
0 0.728906 0.323148 0.00989583 0.0537037
0 0.46901 0.560648 0.0192708 0.075
0 0.894271 0.510185 0.01875 0.0648148
0 0.811198 0.485648 0.0203125 0.0638889
