0 0.648438 0.328704 0.0177083 0.0611111
0 0.642708 0.328241 0.0125 0.0583333
0 0.657552 0.330093 0.0119792 0.0583333
0 0.680729 0.328704 0.0125 0.0574074
0 0.890625 0.306019 0.0125 0.0490741
0 0.465365 0.408796 0.0140625 0.0527778
0 0.552604 0.347685 0.021875 0.0731481
0 0.78776 0.365278 0.0109375 0.0564815
0 0.4875 0.453704 0.0177083 0.0611111
0 0.388021 0.517593 0.0197917 0.0648148
0 0.56276 0.449074 0.0140625 0.0518519
0 0.817187 0.517593 0.015625 0.0685185
0 0.411979 0.53287 0.0177083 0.0694444
0 0.569271 0.534259 0.0166667 0.0685185
0 0.928906 0.42963 0.0140625 0.0574074
0 0.483594 0.583333 0.0171875 0.0759259
0 0.895573 0.535185 0.0171875 0.0703704
