0 0.853125 0.2875 0.0135417 0.0546296
0 0.560156 0.290741 0.0109375 0.0481481
0 0.576042 0.3625 0.015625 0.0472222
0 0.616927 0.311574 0.0119792 0.0509259
0 0.740365 0.32963 0.00885417 0.0518519
0 0.302344 0.431481 0.0182292 0.0574074
0 0.4625 0.375463 0.0114583 0.0546296
0 0.710156 0.348148 0.0119792 0.0537037
0 0.573438 0.506481 0.0229167 0.0648148
0 0.409635 0.425 0.0140625 0.0703704
0 0.557552 0.42037 0.0151042 0.0555556
0 0.348177 0.527778 0.0244792 0.101852
0 0.891927 0.506481 0.0161458 0.0703704
0 0.900781 0.402778 0.0109375 0.0537037
0 0.816927 0.480093 0.0140625 0.0694444
0 0.495052 0.552315 0.0182292 0.075
