0 0.604427 0.421296 0.0265625 0.0666667
56 0.0523437 0.492593 0.0265625 0.0592593
0 0.432813 0.565741 0.04375 0.0685185
0 0.635677 0.290741 0.0119792 0.0462963
0 0.299219 0.631481 0.0119792 0.0333333
0 0.914583 0.312963 0.0166667 0.0537037
0 0.669271 0.318981 0.0145833 0.0509259
0 0.596875 0.383333 0.0135417 0.0537037
0 0.957292 0.545833 0.015625 0.0731481
0 0.189583 0.444444 0.01875 0.0685185
0 0.622656 0.428241 0.0203125 0.0527778
0 0.931771 0.380556 0.0135417 0.0537037
0 0.504687 0.3875 0.0135417 0.0527778
0 0.44401 0.569907 0.0192708 0.0657407
0 0.416667 0.551389 0.0177083 0.062037
0 0.871354 0.488889 0.0197917 0.062963
0 0.627083 0.531482 0.0197917 0.0685185
0 0.433854 0.448611 0.0197917 0.0675926
