0 0.433854 0.565278 0.0458333 0.0712963
56 0.05625 0.492593 0.0270833 0.0666667
38 0.447917 0.568981 0.01875 0.0675926
0 0.304688 0.632407 0.0135417 0.0388889
0 0.917708 0.315278 0.015625 0.0527778
0 0.672656 0.316204 0.0171875 0.0546296
0 0.600781 0.383796 0.0119792 0.0527778
0 0.509375 0.391204 0.015625 0.0546296
0 0.447917 0.571296 0.0177083 0.0685185
0 0.194531 0.445833 0.0161458 0.0675926
0 0.626823 0.427315 0.0213542 0.0509259
0 0.960938 0.547685 0.0208333 0.0694444
0 0.876302 0.488426 0.0182292 0.062037
0 0.438281 0.448148 0.0213542 0.0666667
0 0.935417 0.381019 0.0125 0.0527778
0 0.421094 0.551852 0.0171875 0.062963
0 0.631771 0.531944 0.0197917 0.0675926
