0 0.497135 0.296296 0.0109375 0.0444444
0 0.788542 0.288426 0.0104167 0.0527778
0 0.533854 0.311111 0.0135417 0.0574074
0 0.99375 0.421296 0.0125 0.0648148
0 0.282552 0.506019 0.0151042 0.0657407
0 0.505729 0.361574 0.015625 0.0435185
0 0.401823 0.388426 0.0119792 0.0453704
0 0.24349 0.444444 0.0161458 0.0592593
0 0.553385 0.307407 0.0130208 0.0537037
0 0.488281 0.418981 0.0130208 0.0583333
0 0.625 0.346759 0.0208333 0.0527778
0 0.420052 0.543519 0.0192708 0.0666667
0 0.279427 0.560185 0.0213542 0.062963
0 0.35625 0.426852 0.0166667 0.0666667
0 0.822135 0.400463 0.0119792 0.0509259
0 0.811719 0.506481 0.0182292 0.0666667
0 0.746615 0.485185 0.0171875 0.0648148
0 0.685938 0.335185 0.0114583 0.0555556
0 0.494792 0.506481 0.0166667 0.0648148
