0 0.796875 0.289352 0.0114583 0.0490741
0 0.532812 0.308796 0.0135417 0.0546296
0 0.992188 0.418519 0.015625 0.0574074
0 0.407292 0.381944 0.0125 0.0527778
0 0.246615 0.439352 0.0161458 0.0564815
0 0.56224 0.308796 0.0130208 0.0546296
0 0.517187 0.364815 0.0177083 0.0481481
0 0.646875 0.347222 0.01875 0.0574074
0 0.288542 0.535185 0.0260417 0.114815
0 0.496875 0.420833 0.0145833 0.0564815
0 0.355208 0.425926 0.0125 0.0592593
0 0.689844 0.333796 0.00989583 0.0564815
0 0.838281 0.399537 0.0119792 0.0564815
0 0.826042 0.508796 0.015625 0.0675926
0 0.757812 0.485648 0.015625 0.0638889
0 0.507812 0.508796 0.0166667 0.0694444
0 0.4375 0.552315 0.0239583 0.0731481
