0 0.533333 0.308796 0.0114583 0.0583333
0 0.50651 0.3625 0.0140625 0.0435185
0 0.554948 0.307407 0.0119792 0.05
0 0.993229 0.42037 0.0135417 0.0648148
0 0.401823 0.387963 0.0130208 0.0481481
0 0.243229 0.444907 0.0166667 0.0601852
0 0.789583 0.287037 0.0125 0.0537037
0 0.282292 0.508333 0.0166667 0.0703704
0 0.628385 0.34537 0.0213542 0.0555556
0 0.278646 0.561111 0.01875 0.0611111
0 0.488281 0.419907 0.0130208 0.0564815
0 0.422656 0.543056 0.0203125 0.0638889
0 0.355469 0.428241 0.0151042 0.0675926
0 0.82474 0.398148 0.0130208 0.0537037
0 0.686198 0.335185 0.0119792 0.0537037
0 0.814844 0.507407 0.0203125 0.0648148
0 0.748177 0.485185 0.0151042 0.0648148
0 0.496094 0.506944 0.0171875 0.0657407
