0 0.995052 0.428241 0.00989583 0.0657407
0 0.539062 0.315278 0.0229167 0.0583333
0 0.269531 0.515278 0.0161458 0.062037
56 0.0979167 0.484722 0.028125 0.075
0 0.234375 0.456944 0.0145833 0.0564815
0 0.48724 0.307407 0.0109375 0.0462963
0 0.491927 0.365278 0.0151042 0.0472222
0 0.528125 0.318056 0.0125 0.0601852
0 0.609375 0.350463 0.015625 0.0564815
0 0.477865 0.42963 0.0119792 0.0537037
0 0.391667 0.398148 0.0114583 0.0444444
0 0.68099 0.346296 0.0119792 0.0555556
0 0.482031 0.514352 0.0161458 0.062037
0 0.736979 0.500463 0.0208333 0.0601852
0 0.545833 0.315741 0.0114583 0.0555556
0 0.802083 0.518056 0.0125 0.0694444
0 0.270312 0.551389 0.0197917 0.112037
0 0.403385 0.559259 0.0203125 0.0722222
0 0.347396 0.441667 0.021875 0.0648148
0 0.815625 0.409722 0.0145833 0.0546296
