0 0.578125 0.358796 0.0114583 0.0490741
0 0.532031 0.289815 0.00989583 0.0462963
0 0.861719 0.30787 0.0130208 0.0472222
0 0.634115 0.311111 0.0130208 0.0537037
0 0.383854 0.432407 0.0239583 0.0537037
0 0.474479 0.54213 0.0197917 0.062037
0 0.580729 0.421296 0.0145833 0.0537037
0 0.480729 0.377778 0.0125 0.05
0 0.924219 0.406944 0.0161458 0.0509259
0 0.261458 0.440278 0.015625 0.0657407
0 0.363542 0.507407 0.0177083 0.0648148
0 0.599219 0.512037 0.0192708 0.0685185
0 0.710938 0.329167 0.0135417 0.0861111
0 0.286719 0.56713 0.0265625 0.0546296
0 0.817708 0.487037 0.01875 0.0611111
0 0.940365 0.52963 0.0182292 0.0666667
