0 0.7875 0.286111 0.0125 0.0518519
0 0.283854 0.505093 0.01875 0.0657407
0 0.496875 0.356019 0.015625 0.0435185
0 0.49375 0.300463 0.0104167 0.0435185
0 0.538281 0.310185 0.0161458 0.0518519
0 0.552604 0.304167 0.0114583 0.0546296
0 0.248698 0.442593 0.0151042 0.0574074
0 0.401823 0.3875 0.0109375 0.0490741
0 0.610937 0.339352 0.01875 0.0564815
0 0.285677 0.536111 0.0192708 0.101852
0 0.686198 0.337963 0.0119792 0.0555556
0 0.410417 0.547685 0.0166667 0.0712963
0 0.486719 0.420833 0.0140625 0.0546296
0 0.36276 0.427315 0.0203125 0.062037
0 0.803385 0.505556 0.0151042 0.0685185
0 0.489583 0.503704 0.0166667 0.0648148
0 0.740365 0.488426 0.0182292 0.0583333
0 0.816667 0.398611 0.0145833 0.0564815
