0 0.623438 0.332407 0.0197917 0.062963
0 0.631771 0.328241 0.0135417 0.0638889
0 0.407813 0.415278 0.0104167 0.0583333
0 0.616927 0.335185 0.0119792 0.0592593
0 0.886979 0.431944 0.0145833 0.0527778
0 0.37474 0.518519 0.0140625 0.0666667
0 0.443229 0.451852 0.0166667 0.0666667
0 0.838802 0.308333 0.0130208 0.0555556
0 0.347135 0.518981 0.0161458 0.0657407
0 0.501562 0.350463 0.0135417 0.0768519
0 0.592188 0.329167 0.0114583 0.0546296
0 0.510938 0.452778 0.0114583 0.0592593
0 0.521354 0.535648 0.0135417 0.0657407
0 0.741667 0.370833 0.015625 0.0583333
0 0.847917 0.531944 0.0166667 0.0675926
0 0.4375 0.580556 0.01875 0.0759259
0 0.763542 0.5125 0.0177083 0.0657407
