0 0.553385 0.287963 0.00885417 0.037037
0 0.715885 0.33287 0.0140625 0.062037
0 0.569531 0.305093 0.0119792 0.0546296
0 0.859635 0.296759 0.0130208 0.062037
0 0.283333 0.431481 0.015625 0.0611111
0 0.582031 0.364815 0.0171875 0.0444444
0 0.35 0.506019 0.0125 0.0546296
0 0.722917 0.323611 0.0104167 0.062037
0 0.463281 0.560648 0.0171875 0.0638889
0 0.624219 0.315278 0.0130208 0.0509259
0 0.704427 0.338426 0.0119792 0.0601852
0 0.296615 0.538889 0.0203125 0.0555556
0 0.566146 0.420833 0.015625 0.0601852
0 0.398438 0.430093 0.015625 0.0601852
0 0.901563 0.40463 0.0135417 0.0537037
0 0.467448 0.378704 0.0119792 0.0537037
0 0.903125 0.515278 0.0166667 0.0657407
0 0.807813 0.482407 0.0145833 0.0611111
0 0.582292 0.508333 0.0177083 0.0666667
