0 0.388542 0.518981 0.0239583 0.0657407
0 0.239583 0.3375 0.0166667 0.075
0 0.621354 0.324537 0.0125 0.0546296
0 0.866406 0.303241 0.0130208 0.0509259
0 0.441146 0.408333 0.0114583 0.0481481
0 0.640104 0.334259 0.0135417 0.0555556
0 0.660417 0.325463 0.0114583 0.062037
0 0.53099 0.345833 0.0151042 0.0787037
0 0.767448 0.366667 0.0130208 0.0592593
0 0.911719 0.426389 0.0182292 0.0564815
0 0.373437 0.514815 0.015625 0.0648148
0 0.469792 0.45 0.01875 0.0648148
0 0.396615 0.521296 0.0151042 0.0685185
0 0.548437 0.53287 0.015625 0.0675926
0 0.794531 0.5125 0.0171875 0.0657407
0 0.540365 0.446759 0.0130208 0.062037
0 0.878646 0.531018 0.015625 0.0675926
0 0.465885 0.576852 0.0182292 0.0759259
