0 0.653125 0.427315 0.0166667 0.062037
0 0.684115 0.290278 0.00885417 0.0472222
0 0.610156 0.293519 0.0151042 0.0537037
0 0.952865 0.32037 0.0161458 0.0481481
0 0.709896 0.319444 0.0197917 0.0462963
0 0.340365 0.627778 0.0130208 0.0407407
0 0.979688 0.388889 0.0145833 0.0537037
0 0.638542 0.380093 0.0145833 0.0527778
0 0.543229 0.384722 0.0114583 0.0472222
0 0.659896 0.427315 0.0145833 0.0490741
0 0.236719 0.446759 0.0151042 0.0694444
0 0.495052 0.558796 0.0182292 0.0694444
0 0.467969 0.446296 0.0161458 0.0611111
0 0.911198 0.487963 0.0171875 0.062963
0 0.457552 0.55 0.0213542 0.0592593
0 0.669792 0.530556 0.01875 0.0666667
