32 0.00885417 0.992593 0.0104167 0.0148148
0 0.665625 0.335185 0.015625 0.0537037
0 0.445833 0.415741 0.0135417 0.0648148
0 0.672656 0.331019 0.0192708 0.0657407
0 0.890104 0.306019 0.0125 0.0564815
0 0.638021 0.328241 0.0125 0.0583333
0 0.41901 0.515741 0.0151042 0.0648148
0 0.542708 0.35 0.0145833 0.0759259
0 0.942708 0.4375 0.01875 0.0546296
0 0.552344 0.453704 0.0109375 0.0611111
0 0.386719 0.51713 0.0161458 0.0675926
0 0.484375 0.452315 0.0177083 0.0712963
0 0.8125 0.515741 0.0166667 0.0666667
0 0.902865 0.534722 0.0151042 0.0694444
0 0.565885 0.539352 0.0130208 0.0675926
0 0.791146 0.373611 0.0177083 0.0583333
0 0.478906 0.57963 0.0171875 0.0722222
