0 0.433854 0.566204 0.0416667 0.0694444
0 0.635938 0.290278 0.0114583 0.0435185
0 0.301823 0.633333 0.0140625 0.037037
0 0.916667 0.313426 0.0177083 0.0546296
0 0.670833 0.317593 0.015625 0.0537037
0 0.507031 0.389352 0.0151042 0.0546296
0 0.624219 0.427315 0.0203125 0.0527778
0 0.599219 0.384259 0.0130208 0.0518519
0 0.190885 0.44537 0.0161458 0.0666667
0 0.932552 0.380556 0.0140625 0.0537037
0 0.958594 0.547222 0.0171875 0.0740741
0 0.445052 0.569907 0.0171875 0.0675926
0 0.418229 0.551852 0.01875 0.0611111
0 0.435937 0.448148 0.0208333 0.0666667
0 0.872656 0.488889 0.0192708 0.062963
0 0.628646 0.532407 0.01875 0.0648148
