0 0.582812 0.390741 0.01875 0.0777778
0 0.54401 0.306481 0.0161458 0.05
0 0.188021 0.45787 0.0135417 0.0638889
0 0.646615 0.310648 0.0130208 0.0601852
0 0.890365 0.317593 0.0119792 0.0518519
0 0.578646 0.372222 0.0145833 0.0537037
0 0.689062 0.322222 0.0114583 0.0574074
0 0.932292 0.396296 0.0104167 0.0555556
0 0.263021 0.623611 0.0177083 0.0509259
0 0.590104 0.436111 0.0208333 0.0574074
0 0.479948 0.390278 0.0151042 0.0527778
0 0.947917 0.546296 0.021875 0.0666667
0 0.392188 0.443056 0.01875 0.062037
0 0.382812 0.548611 0.0302083 0.062037
0 0.605729 0.531018 0.01875 0.0675926
0 0.446354 0.553704 0.025 0.0666667
0 0.839323 0.488889 0.0265625 0.062963
