0 0.679427 0.332407 0.0182292 0.0685185
0 0.545833 0.352778 0.0145833 0.0796296
0 0.951302 0.438889 0.0171875 0.0555556
0 0.447135 0.412963 0.0119792 0.0611111
0 0.489062 0.451852 0.0177083 0.0685185
0 0.898438 0.309259 0.0145833 0.062963
0 0.642448 0.331944 0.0130208 0.0583333
0 0.42526 0.515278 0.0192708 0.0675926
0 0.55625 0.45463 0.0125 0.062963
0 0.797656 0.377778 0.0182292 0.0611111
0 0.567448 0.54213 0.0161458 0.0712963
0 0.91224 0.536574 0.0182292 0.075
0 0.390625 0.51713 0.0145833 0.0657407
0 0.817969 0.515278 0.0171875 0.0712963
0 0.482552 0.580556 0.0171875 0.0740741
