0 0.563021 0.308333 0.0135417 0.0481481
0 0.5375 0.293519 0.0104167 0.0444444
0 0.548698 0.362963 0.0140625 0.0444444
0 0.827344 0.287037 0.0119792 0.0518519
0 0.592969 0.309722 0.0130208 0.0527778
0 0.280729 0.437963 0.0177083 0.0574074
0 0.53099 0.42037 0.0171875 0.0555556
0 0.682552 0.348611 0.0161458 0.0509259
0 0.439323 0.380093 0.0130208 0.0527778
0 0.71901 0.33287 0.0119792 0.0564815
0 0.871615 0.398148 0.0130208 0.0574074
0 0.323698 0.531482 0.0265625 0.107407
0 0.791146 0.485648 0.0166667 0.0657407
0 0.861719 0.505093 0.0171875 0.0694444
0 0.386979 0.426852 0.015625 0.0648148
0 0.472656 0.550463 0.0203125 0.0712963
0 0.545052 0.507407 0.0192708 0.0648148
