0 0.200781 0.333333 0.0151042 0.0722222
0 0.67474 0.333796 0.0151042 0.062037
0 0.522135 0.311111 0.0130208 0.05
0 0.539844 0.376389 0.0109375 0.0527778
0 0.821094 0.30463 0.0130208 0.0648148
0 0.583594 0.327315 0.0119792 0.0564815
0 0.523177 0.437963 0.0182292 0.0611111
0 0.423698 0.391667 0.0119792 0.0555556
0 0.221615 0.447685 0.0161458 0.0657407
0 0.867969 0.4125 0.0151042 0.0601852
0 0.291667 0.523148 0.015625 0.0518519
0 0.679167 0.326389 0.0114583 0.0546296
0 0.227344 0.563889 0.0265625 0.0611111
0 0.346094 0.445833 0.0171875 0.0601852
0 0.539323 0.524537 0.0234375 0.0694444
0 0.663281 0.358333 0.0140625 0.0555556
0 0.408854 0.575 0.01875 0.0685185
0 0.765365 0.492593 0.0130208 0.0685185
0 0.866146 0.531944 0.0197917 0.0675926
