0 0.175781 0.3375 0.0140625 0.0657407
0 0.490365 0.302778 0.0109375 0.0388889
0 0.484896 0.347685 0.015625 0.0546296
0 0.78776 0.287037 0.0119792 0.0537037
0 0.597396 0.330556 0.015625 0.0574074
0 0.553125 0.311574 0.01875 0.0564815
0 0.486719 0.423611 0.0151042 0.0546296
0 0.259896 0.441667 0.0145833 0.0611111
0 0.402865 0.390278 0.0109375 0.0527778
0 0.489062 0.505093 0.0135417 0.0657407
0 0.378906 0.425 0.0130208 0.0666667
0 0.79401 0.499074 0.0171875 0.0685185
0 0.689583 0.340741 0.0104167 0.0537037
0 0.2875 0.507407 0.01875 0.062963
0 0.736719 0.489352 0.0171875 0.062037
0 0.820312 0.400463 0.0145833 0.0601852
0 0.310937 0.549537 0.025 0.0638889
0 0.405469 0.553704 0.0203125 0.0685185
