0 0.226823 0.333333 0.0130208 0.062963
0 0.569531 0.303704 0.0109375 0.0481481
0 0.613542 0.419907 0.0177083 0.0898148
0 0.670573 0.316204 0.0119792 0.0453704
0 0.611458 0.3625 0.0166667 0.0509259
0 0.967969 0.405093 0.0161458 0.0527778
0 0.511979 0.386111 0.015625 0.0481481
0 0.492448 0.534259 0.0182292 0.0574074
0 0.248437 0.448611 0.0145833 0.0638889
0 0.740885 0.330093 0.0140625 0.0583333
0 0.617448 0.427778 0.0171875 0.0555556
0 0.416146 0.436574 0.015625 0.062037
0 0.989583 0.538426 0.0166667 0.0731481
0 0.411979 0.532407 0.0177083 0.0648148
0 0.638021 0.526389 0.0197917 0.0657407
0 0.298698 0.607407 0.0182292 0.0740741
0 0.865625 0.489815 0.0239583 0.0592593
