0 0.432552 0.565741 0.0442708 0.0685185
0 0.635938 0.289352 0.0114583 0.0453704
0 0.915625 0.312037 0.0166667 0.0537037
0 0.670052 0.318056 0.0151042 0.0527778
0 0.505729 0.389815 0.015625 0.0518519
0 0.597917 0.383333 0.0135417 0.0537037
0 0.190104 0.443981 0.01875 0.0675926
0 0.932031 0.380556 0.0130208 0.0537037
0 0.623177 0.427315 0.0192708 0.0527778
0 0.444531 0.569444 0.0182292 0.0666667
0 0.957812 0.546759 0.0166667 0.075
0 0.417448 0.551852 0.0182292 0.0611111
0 0.871875 0.488889 0.0197917 0.062963
0 0.434635 0.448148 0.0203125 0.0666667
0 0.627604 0.531944 0.01875 0.0657407
