0 0.78776 0.286574 0.0130208 0.0509259
0 0.49401 0.300463 0.0109375 0.0435185
0 0.497135 0.356481 0.0161458 0.0444444
0 0.538021 0.311111 0.0166667 0.0518519
0 0.552604 0.304167 0.0114583 0.0546296
0 0.401823 0.3875 0.0109375 0.0472222
0 0.248437 0.442593 0.015625 0.0574074
0 0.611198 0.338889 0.0182292 0.0555556
0 0.410937 0.547685 0.0166667 0.0712963
0 0.686198 0.337963 0.0119792 0.0555556
0 0.36224 0.427778 0.0192708 0.0611111
0 0.486719 0.42037 0.0130208 0.0555556
0 0.285677 0.536111 0.0203125 0.103704
0 0.489844 0.503704 0.0161458 0.062963
0 0.803906 0.506019 0.0140625 0.0675926
0 0.740885 0.488889 0.0182292 0.0592593
0 0.816927 0.399074 0.0151042 0.0555556
