0 0.683594 0.334259 0.0203125 0.0703704
0 0.904948 0.311574 0.0151042 0.0527778
0 0.446875 0.409259 0.0114583 0.0537037
0 0.960417 0.440741 0.0145833 0.0592593
0 0.558333 0.456944 0.0125 0.062037
0 0.807292 0.377778 0.0135417 0.0592593
0 0.547396 0.35463 0.0145833 0.0796296
0 0.394792 0.515741 0.0145833 0.0685185
0 0.492969 0.452315 0.0203125 0.0694444
0 0.649219 0.333333 0.0109375 0.0555556
0 0.433854 0.511574 0.015625 0.0675926
0 0.919271 0.538889 0.015625 0.0740741
0 0.48724 0.581944 0.0182292 0.0787037
0 0.566927 0.546296 0.0171875 0.0703704
0 0.823958 0.516204 0.0177083 0.0731481
