0 0.188802 0.337037 0.0130208 0.0648148
0 0.326562 0.519907 0.0364583 0.0712963
0 0.411458 0.40787 0.015625 0.0805556
0 0.488542 0.349074 0.0135417 0.0481481
0 0.5 0.310185 0.0114583 0.05
0 0.277604 0.439352 0.01875 0.062037
0 0.414583 0.392593 0.0104167 0.0537037
0 0.798958 0.286574 0.0135417 0.0509259
0 0.308073 0.505093 0.0161458 0.0638889
0 0.834375 0.405093 0.0145833 0.0546296
0 0.415625 0.561111 0.0166667 0.0685185
0 0.40026 0.428241 0.0140625 0.0657407
0 0.496875 0.425 0.015625 0.0574074
0 0.604167 0.327315 0.0125 0.0546296
0 0.5 0.50787 0.0145833 0.0657407
0 0.567708 0.315278 0.0125 0.0583333
0 0.746354 0.493056 0.0208333 0.062037
0 0.802083 0.506019 0.0125 0.0657407
0 0.702083 0.346296 0.0114583 0.0537037
0 0.334115 0.538426 0.0192708 0.0675926
