0 0.278385 0.544444 0.0223958 0.0777778
0 0.482812 0.311111 0.0104167 0.0462963
0 0.245573 0.454167 0.0140625 0.062037
0 0.54401 0.323148 0.0161458 0.0555556
0 0.479167 0.356019 0.0166667 0.0509259
0 0.783073 0.294444 0.0140625 0.0537037
0 0.296094 0.560648 0.0244792 0.062037
0 0.392969 0.398611 0.0119792 0.0509259
0 0.476823 0.434259 0.0119792 0.0537037
0 0.274479 0.518981 0.01875 0.0564815
0 0.591146 0.341667 0.0145833 0.0574074
0 0.392448 0.565278 0.0192708 0.0638889
0 0.364323 0.434722 0.0161458 0.0657407
0 0.814323 0.411574 0.0140625 0.0601852
0 0.73099 0.500926 0.0161458 0.0611111
0 0.683073 0.349074 0.00989583 0.0574074
0 0.479948 0.515741 0.0140625 0.0648148
0 0.788542 0.510648 0.01875 0.0675926
