0 0.283333 0.506481 0.0177083 0.0703704
0 0.788021 0.286111 0.0125 0.0537037
0 0.494531 0.298611 0.0109375 0.0435185
0 0.498437 0.356481 0.0177083 0.0444444
0 0.247917 0.442593 0.0166667 0.0574074
0 0.552865 0.30463 0.0119792 0.0555556
0 0.401823 0.3875 0.0109375 0.0435185
0 0.536979 0.312037 0.015625 0.0518519
0 0.360938 0.427778 0.01875 0.0592593
0 0.614844 0.341667 0.0151042 0.0537037
0 0.413281 0.548148 0.0182292 0.0685185
0 0.284896 0.540278 0.01875 0.100926
0 0.817448 0.4 0.0161458 0.0555556
0 0.486979 0.419444 0.0125 0.0555556
0 0.686198 0.3375 0.0119792 0.0564815
0 0.805469 0.506944 0.0140625 0.0657407
0 0.490365 0.505093 0.0161458 0.0638889
0 0.741406 0.490278 0.0182292 0.0601852
