0 0.618229 0.327778 0.0291667 0.0574074
0 0.613021 0.323148 0.0135417 0.0555556
0 0.452604 0.424537 0.025 0.0601852
0 0.854167 0.299074 0.0125 0.05
0 0.626823 0.330093 0.0140625 0.0546296
0 0.525 0.343981 0.01875 0.0712963
0 0.64974 0.328704 0.0130208 0.0537037
0 0.438021 0.407407 0.0145833 0.0537037
0 0.532552 0.44213 0.0140625 0.0583333
0 0.363802 0.512963 0.0161458 0.0666667
0 0.754167 0.363426 0.0114583 0.0583333
0 0.86224 0.526389 0.0171875 0.0694444
0 0.460156 0.449074 0.0182292 0.062963
0 0.540104 0.529167 0.015625 0.0657407
0 0.385677 0.526852 0.0171875 0.0703704
0 0.89349 0.424537 0.0161458 0.0583333
0 0.457292 0.575463 0.0166667 0.0731481
0 0.783073 0.509259 0.0161458 0.0666667
