0 0.2875 0.629167 0.0125 0.0324074
0 0.60026 0.425 0.0171875 0.0685185
0 0.635417 0.293981 0.0104167 0.0398148
0 0.183854 0.445833 0.0135417 0.062037
0 0.93125 0.382407 0.0145833 0.0555556
0 0.666146 0.317593 0.0208333 0.0481481
0 0.564844 0.292593 0.0140625 0.0555556
0 0.441927 0.564352 0.0161458 0.0694444
0 0.952344 0.544444 0.0161458 0.0666667
0 0.61224 0.428241 0.0161458 0.0509259
0 0.590625 0.381019 0.0145833 0.0546296
0 0.497396 0.387037 0.0114583 0.0537037
0 0.407292 0.552315 0.0229167 0.0601852
0 0.861979 0.486574 0.0177083 0.062037
0 0.420573 0.447685 0.0182292 0.0675926
0 0.619792 0.531944 0.0177083 0.0675926
