0 0.690104 0.312963 0.0125 0.0462963
0 0.586458 0.303241 0.0145833 0.0546296
0 0.627344 0.422685 0.0182292 0.0898148
0 0.932031 0.310185 0.0171875 0.0722222
0 0.99401 0.543981 0.0119792 0.0731481
0 0.621875 0.37037 0.0166667 0.0518519
0 0.738802 0.323611 0.0119792 0.0564815
0 0.24375 0.447685 0.015625 0.0657407
0 0.523698 0.3875 0.0119792 0.0472222
0 0.428385 0.541204 0.0203125 0.0546296
0 0.634115 0.42963 0.0182292 0.0537037
0 0.434115 0.439352 0.0182292 0.0638889
0 0.496354 0.54213 0.0208333 0.0601852
0 0.313802 0.616204 0.0182292 0.0601852
0 0.977865 0.400463 0.0140625 0.0546296
0 0.652604 0.526389 0.0208333 0.0731481
0 0.885156 0.489352 0.0182292 0.062037
