56 0.078125 0.489352 0.025 0.0675926
0 0.626823 0.424074 0.0234375 0.0685185
0 0.325781 0.637037 0.0151042 0.0425926
0 0.935417 0.312037 0.0114583 0.0518519
0 0.690885 0.317593 0.0161458 0.0518519
0 0.646094 0.427315 0.0203125 0.0527778
0 0.61901 0.383333 0.0130208 0.0555556
0 0.527865 0.389815 0.0171875 0.0518519
0 0.213802 0.443981 0.0151042 0.0638889
0 0.467969 0.569907 0.0192708 0.0675926
0 0.954687 0.381019 0.0135417 0.0527778
0 0.441667 0.549074 0.01875 0.0592593
0 0.98099 0.547685 0.0182292 0.0712963
0 0.895573 0.488426 0.0182292 0.062037
0 0.457812 0.447685 0.01875 0.0638889
0 0.65026 0.532407 0.0182292 0.0666667
