0 0.634896 0.290278 0.0114583 0.0435185
0 0.571615 0.297685 0.0203125 0.0601852
0 0.601823 0.423611 0.0223958 0.0675926
0 0.911979 0.315278 0.0145833 0.0527778
0 0.295833 0.631481 0.0135417 0.037037
0 0.667188 0.316204 0.0166667 0.0527778
0 0.95599 0.544907 0.0171875 0.0694444
0 0.442708 0.568056 0.01875 0.0694444
0 0.188802 0.443519 0.0182292 0.0685185
0 0.59375 0.381481 0.0135417 0.0555556
0 0.619792 0.426389 0.0208333 0.0509259
0 0.93151 0.381019 0.0140625 0.0546296
0 0.502083 0.388889 0.015625 0.0537037
0 0.414844 0.551852 0.0223958 0.0611111
0 0.86901 0.487963 0.0192708 0.062963
0 0.623698 0.532407 0.0161458 0.0666667
0 0.429688 0.449074 0.0197917 0.0685185
