0 0.229687 0.330093 0.0145833 0.062037
0 0.904948 0.319444 0.0151042 0.0444444
0 0.702604 0.305556 0.0104167 0.0425926
0 0.561979 0.305093 0.0135417 0.0453704
0 0.604948 0.405093 0.0161458 0.108333
0 0.663281 0.315741 0.0140625 0.0462963
0 0.507031 0.383333 0.0182292 0.05
0 0.609896 0.428704 0.01875 0.0518519
0 0.961458 0.406481 0.0166667 0.0537037
0 0.249219 0.44537 0.0161458 0.0648148
0 0.410677 0.431019 0.0171875 0.0564815
0 0.602865 0.360648 0.0151042 0.0527778
0 0.738802 0.335185 0.0140625 0.0555556
0 0.4875 0.531944 0.025 0.0564815
0 0.982552 0.539352 0.0161458 0.0712963
0 0.632292 0.521759 0.0260417 0.0657407
0 0.857813 0.487963 0.0166667 0.0592593
0 0.403385 0.52963 0.0255208 0.062963
0 0.29401 0.601389 0.0182292 0.075
