56 0.0677083 0.491667 0.0270833 0.062963
0 0.586979 0.29537 0.01875 0.0537037
56 0.0427083 0.508796 0.028125 0.0638889
0 0.928906 0.313889 0.0161458 0.0518519
0 0.647917 0.290278 0.0104167 0.0435185
0 0.315625 0.631944 0.0125 0.0342593
0 0.682552 0.31713 0.0151042 0.0527778
0 0.205208 0.444907 0.015625 0.0638889
0 0.636719 0.426389 0.0192708 0.0509259
0 0.945052 0.380556 0.0130208 0.0518519
0 0.519531 0.389815 0.0161458 0.0518519
0 0.972396 0.546759 0.01875 0.0731481
0 0.432031 0.551852 0.0182292 0.0648148
0 0.459375 0.571296 0.0145833 0.0666667
0 0.611458 0.384259 0.0114583 0.0518519
0 0.886719 0.488426 0.0182292 0.062037
0 0.448958 0.447222 0.0197917 0.0648148
0 0.641667 0.53287 0.0197917 0.0675926
