0 0.555729 0.294444 0.0125 0.0444444
0 0.585156 0.308796 0.0140625 0.0546296
0 0.847135 0.286574 0.0140625 0.0527778
0 0.569271 0.361574 0.01875 0.0453704
0 0.61224 0.305556 0.0109375 0.05
0 0.340885 0.552778 0.0192708 0.0703704
0 0.697396 0.34537 0.0177083 0.0555556
0 0.301302 0.435648 0.0151042 0.0583333
0 0.345573 0.526852 0.0223958 0.116667
0 0.548958 0.418056 0.0135417 0.0564815
0 0.881771 0.508796 0.015625 0.0675926
0 0.742448 0.333796 0.0109375 0.0546296
0 0.564062 0.505556 0.0145833 0.0666667
0 0.461458 0.380093 0.0114583 0.0509259
0 0.491927 0.548148 0.0244792 0.0666667
0 0.891146 0.4 0.0135417 0.0537037
0 0.8125 0.486574 0.01875 0.0638889
0 0.410677 0.425 0.0130208 0.0666667
