0 0.00416667 0.5125 0.00833333 0.075
0 0.432552 0.402315 0.0182292 0.0564815
0 0.598437 0.324074 0.0197917 0.0611111
0 0.0348958 0.533796 0.0145833 0.0435185
0 0.520833 0.469907 0.015625 0.123148
0 0.502604 0.353241 0.0135417 0.0435185
0 0.51901 0.32037 0.0109375 0.0425926
0 0.628125 0.325926 0.0135417 0.0518519
0 0.43724 0.433796 0.0213542 0.0694444
0 0.829687 0.297222 0.0114583 0.0481481
0 0.519531 0.436574 0.0140625 0.0546296
0 0.342969 0.511111 0.0161458 0.0611111
0 0.524219 0.51713 0.0130208 0.0675926
0 0.863542 0.416667 0.015625 0.0537037
0 0.730208 0.356019 0.0125 0.0564815
0 0.367708 0.53287 0.0177083 0.0657407
0 0.440104 0.570833 0.0177083 0.0694444
0 0.83099 0.517593 0.0192708 0.0740741
0 0.763802 0.504167 0.0192708 0.0638889
