0 0.6 0.297222 0.015625 0.0518519
0 0.633333 0.375926 0.0135417 0.0481481
0 0.701563 0.316204 0.015625 0.0490741
0 0.980729 0.39537 0.0114583 0.0537037
0 0.443229 0.547222 0.0197917 0.0574074
0 0.727865 0.317593 0.0119792 0.0537037
0 0.535417 0.3875 0.0166667 0.0472222
0 0.329948 0.620833 0.0151042 0.0509259
0 0.651302 0.425926 0.0151042 0.0555556
0 0.23776 0.449537 0.0161458 0.0638889
0 0.453906 0.446296 0.0151042 0.0611111
0 0.89974 0.489815 0.0192708 0.062963
0 0.499219 0.555556 0.0213542 0.0685185
0 0.664323 0.52963 0.0213542 0.0666667
