0 0.435156 0.251389 0.0078125 0.025
0 0.548698 0.287037 0.00989583 0.0333333
0 0.566406 0.301389 0.0119792 0.0527778
0 0.859115 0.297222 0.0130208 0.062963
0 0.279948 0.430556 0.0161458 0.062963
0 0.583333 0.363426 0.0145833 0.0472222
0 0.625521 0.316204 0.0145833 0.0490741
0 0.347396 0.506481 0.0135417 0.0555556
0 0.721354 0.323611 0.0114583 0.062037
0 0.469271 0.378241 0.0135417 0.0527778
0 0.290625 0.544444 0.0291667 0.0666667
0 0.461979 0.558333 0.01875 0.0703704
0 0.567187 0.421296 0.0177083 0.0592593
0 0.397656 0.431019 0.0161458 0.0601852
0 0.905208 0.402315 0.015625 0.0527778
0 0.704167 0.337963 0.0114583 0.0592593
0 0.904167 0.516204 0.01875 0.0675926
0 0.807552 0.47963 0.0140625 0.0648148
0 0.583594 0.508796 0.0203125 0.0675926
