0 0.611979 0.334722 0.0197917 0.0564815
0 0.344792 0.521296 0.028125 0.0666667
0 0.825 0.304167 0.0114583 0.0453704
0 0.582812 0.327315 0.0114583 0.0564815
0 0.40599 0.4125 0.0109375 0.0509259
0 0.432813 0.454167 0.01875 0.062037
0 0.336719 0.517593 0.0161458 0.062963
0 0.622396 0.330556 0.0114583 0.0574074
0 0.727083 0.368056 0.0125 0.0564815
0 0.601823 0.336111 0.0130208 0.0574074
0 0.494271 0.349074 0.0177083 0.0722222
0 0.833333 0.530093 0.0166667 0.0657407
0 0.358854 0.528241 0.0145833 0.0694444
0 0.867969 0.425 0.0161458 0.0537037
0 0.753906 0.513426 0.0161458 0.0675926
0 0.503125 0.447685 0.0135417 0.0601852
0 0.509896 0.533796 0.0135417 0.0694444
0 0.427865 0.577315 0.0182292 0.0712963
