0 0.286458 0.437963 0.0177083 0.0611111
0 0.490104 0.349074 0.0135417 0.0462963
0 0.805469 0.289815 0.0130208 0.05
0 0.504167 0.311574 0.0114583 0.0453704
0 0.708594 0.348148 0.0130208 0.0574074
0 0.575 0.318056 0.0166667 0.0657407
0 0.609635 0.325926 0.0151042 0.0574074
0 0.317448 0.50463 0.0161458 0.0685185
0 0.506771 0.512037 0.015625 0.0648148
0 0.75 0.496296 0.0197917 0.0685185
0 0.503385 0.427778 0.0140625 0.0574074
0 0.413281 0.418519 0.0213542 0.0962963
0 0.34349 0.535648 0.0203125 0.0712963
0 0.419792 0.563889 0.0177083 0.0740741
0 0.840885 0.407407 0.0140625 0.0537037
0 0.807292 0.506019 0.015625 0.0731481
