0 0.468229 0.252315 0.0125 0.0527778
0 0.377344 0.26713 0.00885417 0.0490741
0 0.553125 0.282407 0.009375 0.0425926
0 0.384375 0.339815 0.0104167 0.0462963
0 0.445573 0.252315 0.00885417 0.037963
62 0.83776 0.652315 0.317187 0.649074
0 0.628125 0.391204 0.0104167 0.0527778
0 0.340885 0.331481 0.0119792 0.05
0 0.302083 0.370833 0.0104167 0.0490741
0 0.389583 0.39537 0.0104167 0.0462963
0 0.336719 0.418056 0.0109375 0.0509259
0 0.564062 0.376389 0.0114583 0.0509259
0 0.274479 0.374537 0.0104167 0.0509259
