0 0.920052 0.312037 0.0140625 0.0537037
0 0.641927 0.291204 0.0119792 0.0416667
0 0.308073 0.632407 0.0140625 0.037037
0 0.67526 0.317593 0.0171875 0.0518519
0 0.511458 0.390278 0.015625 0.0546296
0 0.45 0.568519 0.0166667 0.0685185
0 0.196354 0.444444 0.0166667 0.0666667
0 0.629687 0.425926 0.0177083 0.05
0 0.423958 0.553241 0.0177083 0.062037
0 0.602865 0.384259 0.0119792 0.0537037
0 0.96276 0.546759 0.0213542 0.0712963
0 0.93776 0.380556 0.0130208 0.0537037
0 0.441146 0.448148 0.0197917 0.062963
0 0.879167 0.488426 0.0197917 0.0601852
0 0.634115 0.531944 0.0192708 0.0675926
