0 0.0346354 0.537037 0.0182292 0.0425926
0 0.624479 0.337963 0.0166667 0.0518519
0 0.408594 0.413426 0.0109375 0.0583333
0 0.844271 0.310185 0.0135417 0.0537037
0 0.381771 0.517593 0.0135417 0.0648148
0 0.350521 0.519444 0.015625 0.0648148
0 0.596615 0.331481 0.0119792 0.0574074
0 0.446875 0.451389 0.0166667 0.0657407
0 0.895052 0.434722 0.0171875 0.0527778
0 0.503646 0.352778 0.0135417 0.0796296
0 0.747656 0.371759 0.0171875 0.0601852
0 0.514063 0.454167 0.0114583 0.0601852
0 0.856771 0.532407 0.0145833 0.0685185
0 0.526563 0.538889 0.0135417 0.0666667
0 0.767708 0.5125 0.0177083 0.0657407
0 0.440885 0.579167 0.0161458 0.0731481
