0 0.70026 0.329167 0.0140625 0.0694444
0 0.686979 0.346296 0.01875 0.0592593
0 0.694531 0.333796 0.0192708 0.0731481
0 0.550781 0.361111 0.0192708 0.0740741
0 0.439323 0.4125 0.0161458 0.0583333
0 0.921875 0.314815 0.0145833 0.0574074
0 0.366406 0.430556 0.0161458 0.0685185
0 0.564062 0.464815 0.0135417 0.0648148
0 0.403385 0.518981 0.0161458 0.0694444
0 0.835938 0.517593 0.0177083 0.0722222
0 0.504167 0.451389 0.0177083 0.0712963
0 0.660937 0.334722 0.0135417 0.0657407
0 0.97526 0.445833 0.0140625 0.0638889
0 0.823438 0.383796 0.0114583 0.0564815
0 0.560677 0.551852 0.0182292 0.0796296
0 0.93099 0.540741 0.0140625 0.0759259
0 0.454427 0.494444 0.0171875 0.0703704
0 0.499219 0.578241 0.0182292 0.0768519
