0 0.641927 0.340278 0.0317708 0.0601852
0 0.659635 0.336574 0.0255208 0.0675926
0 0.652344 0.343981 0.0161458 0.0638889
0 0.667708 0.328241 0.0135417 0.0675926
0 0.405469 0.4125 0.0119792 0.0546296
0 0.884115 0.312037 0.0140625 0.0537037
0 0.517708 0.363426 0.0177083 0.0768519
0 0.342448 0.42963 0.0171875 0.0666667
0 0.474479 0.450926 0.0166667 0.0685185
0 0.938021 0.439815 0.0125 0.062963
0 0.531771 0.463889 0.0145833 0.0685185
0 0.374479 0.516204 0.0166667 0.0712963
0 0.430729 0.494444 0.0135417 0.0648148
0 0.63151 0.337963 0.0140625 0.0592593
0 0.799479 0.514815 0.0177083 0.0666667
0 0.525781 0.55463 0.0223958 0.0703704
0 0.789844 0.382407 0.0109375 0.0592593
0 0.89401 0.536111 0.0151042 0.0703704
0 0.471615 0.575926 0.0182292 0.0703704
