0 0.585417 0.405093 0.0208333 0.0916667
0 0.892969 0.319444 0.0130208 0.0462963
0 0.547656 0.302778 0.0140625 0.0574074
0 0.579948 0.377315 0.0192708 0.0583333
0 0.648438 0.309259 0.0177083 0.062963
0 0.685156 0.320833 0.0130208 0.0564815
0 0.482812 0.389815 0.0166667 0.05
0 0.266667 0.623148 0.0177083 0.05
0 0.185677 0.453704 0.0140625 0.062963
0 0.59349 0.432407 0.0182292 0.0611111
0 0.932292 0.393981 0.0104167 0.0527778
0 0.947135 0.546296 0.0223958 0.0685185
0 0.396094 0.446759 0.0203125 0.0657407
0 0.385156 0.549074 0.0265625 0.062963
0 0.608333 0.531018 0.0177083 0.0675926
0 0.446094 0.558333 0.0234375 0.0648148
0 0.842969 0.489352 0.0255208 0.062037
