0 0.579948 0.330093 0.0213542 0.0564815
0 0.585938 0.332407 0.0125 0.0518519
0 0.495052 0.32963 0.0119792 0.05
0 0.483073 0.358796 0.0140625 0.0472222
0 0.403646 0.406481 0.009375 0.0462963
0 0.609635 0.331944 0.0151042 0.0527778
0 0.813281 0.302778 0.0109375 0.0481481
0 0.323438 0.52037 0.01875 0.0611111
0 0.419271 0.450463 0.0166667 0.0583333
0 0.496354 0.444907 0.015625 0.0527778
0 0.500521 0.52963 0.015625 0.0685185
0 0.846094 0.424537 0.0161458 0.0564815
0 0.711979 0.362037 0.0114583 0.0555556
0 0.345833 0.534259 0.0177083 0.0685185
0 0.813542 0.525926 0.0239583 0.0703704
0 0.416146 0.578704 0.0177083 0.0722222
0 0.741146 0.510648 0.01875 0.0638889
