0 0.493229 0.327778 0.015625 0.0833333
0 0.488021 0.348148 0.0125 0.0481481
0 0.496615 0.307407 0.0109375 0.0444444
0 0.41276 0.394444 0.0119792 0.0537037
0 0.795573 0.2875 0.0130208 0.0527778
0 0.272917 0.440278 0.0166667 0.0638889
0 0.698438 0.34537 0.0114583 0.0537037
0 0.303646 0.505093 0.0166667 0.0638889
0 0.395833 0.427778 0.0114583 0.062963
0 0.494271 0.424537 0.015625 0.0564815
0 0.411979 0.560648 0.0177083 0.0694444
0 0.564062 0.313426 0.0145833 0.0564815
0 0.496875 0.506944 0.0135417 0.0657407
0 0.831771 0.403241 0.0145833 0.0564815
0 0.602865 0.326852 0.0130208 0.0555556
0 0.799219 0.504167 0.0151042 0.0675926
0 0.744271 0.492593 0.0208333 0.0648148
0 0.330208 0.540741 0.0208333 0.0648148
