0 0.583594 0.398611 0.0203125 0.0898148
0 0.545052 0.302778 0.0151042 0.0574074
0 0.891406 0.319444 0.0119792 0.05
0 0.579167 0.374537 0.015625 0.0564815
0 0.646875 0.309259 0.0135417 0.0611111
0 0.18724 0.456481 0.0151042 0.0648148
0 0.688281 0.322685 0.0119792 0.0546296
0 0.48099 0.390278 0.0161458 0.0509259
0 0.264062 0.623148 0.0166667 0.05
0 0.590625 0.434722 0.0197917 0.0564815
0 0.932292 0.395833 0.0104167 0.0546296
0 0.947917 0.546759 0.021875 0.0675926
0 0.392969 0.44537 0.0192708 0.0592593
0 0.60651 0.530556 0.0182292 0.0666667
0 0.382812 0.548148 0.0302083 0.062963
0 0.840625 0.488889 0.0270833 0.062963
0 0.446615 0.555093 0.0244792 0.0657407
