0 0.588021 0.293519 0.015625 0.05
0 0.649479 0.290278 0.0114583 0.0416667
56 0.0447917 0.507407 0.028125 0.0592593
56 0.0690104 0.490278 0.0265625 0.0712963
0 0.317708 0.631481 0.0135417 0.0351852
0 0.929427 0.312963 0.0151042 0.0518519
0 0.684115 0.31713 0.0151042 0.0527778
0 0.206771 0.44537 0.0166667 0.0648148
0 0.638802 0.426389 0.0192708 0.0509259
0 0.520833 0.390278 0.0166667 0.0527778
0 0.973437 0.547685 0.0197917 0.0712963
0 0.6125 0.385648 0.0125 0.0509259
0 0.946354 0.381019 0.0125 0.0527778
0 0.888281 0.4875 0.0182292 0.0601852
0 0.460938 0.572222 0.0166667 0.0685185
0 0.433073 0.551852 0.0171875 0.0648148
0 0.45026 0.447685 0.0203125 0.0638889
0 0.643229 0.531944 0.0197917 0.0675926
