0 0.928646 0.312963 0.0166667 0.0518519
56 0.0416667 0.506481 0.028125 0.0648148
56 0.0671875 0.488889 0.025 0.0666667
0 0.446354 0.558796 0.03125 0.0675926
0 0.647917 0.290741 0.0114583 0.0444444
0 0.682031 0.318056 0.0151042 0.0527778
0 0.315365 0.631481 0.0119792 0.0351852
0 0.203906 0.443519 0.0161458 0.0666667
0 0.431771 0.549537 0.01875 0.0601852
0 0.636198 0.427778 0.0203125 0.0518519
0 0.51849 0.390278 0.0161458 0.0509259
0 0.944531 0.381481 0.0130208 0.0518519
0 0.610156 0.384259 0.0130208 0.0537037
0 0.458594 0.570833 0.0151042 0.0675926
0 0.971615 0.547685 0.0171875 0.0731481
0 0.447917 0.448148 0.0208333 0.0648148
0 0.885938 0.488426 0.01875 0.0638889
0 0.640885 0.532407 0.0192708 0.0648148
