0 0.0351562 0.535185 0.0140625 0.0388889
0 0.553646 0.292593 0.009375 0.0388889
0 0.580729 0.310185 0.0135417 0.0518519
0 0.845312 0.286111 0.0114583 0.0537037
0 0.339583 0.544907 0.0177083 0.0805556
0 0.567708 0.363426 0.015625 0.0453704
0 0.611458 0.306944 0.0125 0.0546296
0 0.298958 0.436574 0.015625 0.0564815
0 0.457292 0.37963 0.0135417 0.0518519
0 0.701042 0.347222 0.015625 0.0537037
0 0.344792 0.526389 0.0208333 0.106481
0 0.548698 0.418056 0.0161458 0.0564815
0 0.881771 0.506019 0.0166667 0.0675926
0 0.407292 0.425463 0.0145833 0.0675926
0 0.563802 0.505556 0.0182292 0.0648148
0 0.811198 0.485648 0.0171875 0.0657407
0 0.73776 0.33287 0.0119792 0.0564815
0 0.890885 0.399537 0.0119792 0.0583333
0 0.491146 0.549074 0.021875 0.0722222
