0 0.670313 0.334259 0.0197917 0.062963
0 0.664062 0.336111 0.0166667 0.0518519
0 0.445312 0.415278 0.0125 0.0638889
0 0.676042 0.327778 0.0145833 0.0685185
0 0.940625 0.437037 0.0177083 0.0555556
0 0.6375 0.328704 0.0104167 0.0592593
0 0.889323 0.306019 0.0109375 0.0564815
0 0.551562 0.453241 0.0114583 0.0601852
0 0.418229 0.516204 0.0135417 0.0675926
0 0.483594 0.450463 0.0161458 0.0712963
0 0.541927 0.350463 0.0140625 0.0768519
0 0.901563 0.534722 0.0166667 0.0712963
0 0.385677 0.51713 0.0161458 0.0675926
0 0.564583 0.538889 0.0135417 0.0685185
0 0.811979 0.515278 0.0166667 0.0675926
0 0.790625 0.373148 0.01875 0.0592593
0 0.478906 0.57963 0.0182292 0.0759259
