0 0.234115 0.331944 0.0140625 0.0675926
0 0.544531 0.299074 0.0119792 0.0462963
56 0.107031 0.496296 0.0255208 0.062963
0 0.882812 0.300926 0.0145833 0.0666667
56 0.13125 0.481481 0.0260417 0.0685185
0 0.705208 0.309259 0.0104167 0.0481481
0 0.583854 0.361111 0.0166667 0.0444444
0 0.648438 0.313426 0.015625 0.0509259
0 0.590885 0.428241 0.0171875 0.0509259
0 0.381771 0.516667 0.015625 0.0592593
0 0.256771 0.444907 0.015625 0.0564815
0 0.490625 0.381019 0.0104167 0.0490741
0 0.723437 0.343056 0.0125 0.0527778
0 0.941667 0.409722 0.015625 0.0490741
0 0.39401 0.425926 0.0161458 0.0574074
0 0.964063 0.534722 0.0208333 0.0675926
0 0.286458 0.582407 0.0177083 0.0740741
0 0.476823 0.537963 0.0192708 0.0611111
0 0.607031 0.518056 0.0151042 0.0657407
0 0.834635 0.4875 0.0182292 0.0601852
