0 0.346354 0.437963 0.0177083 0.0555556
0 0.426562 0.410185 0.0114583 0.0518519
0 0.895312 0.313426 0.0145833 0.0527778
0 0.533594 0.358796 0.0161458 0.075
0 0.672656 0.336574 0.0203125 0.0768519
0 0.948698 0.44213 0.0140625 0.0601852
0 0.484115 0.450463 0.0151042 0.0712963
0 0.545052 0.464352 0.0119792 0.062037
0 0.639063 0.334722 0.0114583 0.0564815
0 0.384375 0.51713 0.0145833 0.0694444
0 0.545313 0.545833 0.0166667 0.0712963
0 0.43151 0.502778 0.0161458 0.0648148
0 0.90625 0.5375 0.015625 0.0675926
0 0.811719 0.515278 0.0171875 0.0712963
0 0.479427 0.579167 0.0171875 0.0712963
0 0.799219 0.383796 0.0119792 0.0564815
