56 0.078125 0.496759 0.0302083 0.0657407
0 0.854427 0.313426 0.0140625 0.0490741
0 0.509375 0.307407 0.0114583 0.0462963
0 0.55 0.369907 0.0135417 0.0546296
0 0.614062 0.323148 0.0114583 0.0518519
0 0.667448 0.312963 0.0109375 0.05
0 0.208333 0.455556 0.015625 0.062963
0 0.452865 0.388426 0.0109375 0.0527778
0 0.353125 0.434722 0.0197917 0.0583333
0 0.929948 0.542593 0.0223958 0.0666667
0 0.690365 0.346759 0.0130208 0.0546296
0 0.553906 0.435185 0.0151042 0.0555556
0 0.910417 0.416204 0.0135417 0.0546296
0 0.802083 0.494444 0.01875 0.0574074
0 0.568229 0.52963 0.0177083 0.0666667
0 0.339844 0.531944 0.0140625 0.0601852
0 0.236979 0.601389 0.0177083 0.0675926
0 0.43151 0.543981 0.0213542 0.0601852
