0 0.697656 0.325 0.0130208 0.0611111
0 0.692969 0.336111 0.0161458 0.0685185
0 0.438281 0.413426 0.0151042 0.0583333
0 0.549219 0.358796 0.0161458 0.0787037
0 0.685938 0.348148 0.0177083 0.0592593
0 0.919792 0.316204 0.0135417 0.0546296
0 0.502865 0.450463 0.0161458 0.0694444
0 0.365365 0.431944 0.0140625 0.0694444
0 0.56224 0.464352 0.0161458 0.0657407
0 0.821615 0.383796 0.0109375 0.0564815
0 0.402083 0.517593 0.0177083 0.0685185
0 0.659115 0.333796 0.0119792 0.0638889
0 0.972396 0.444907 0.015625 0.0657407
0 0.452865 0.497222 0.0171875 0.0685185
0 0.928906 0.540278 0.0119792 0.075
0 0.559375 0.551389 0.0166667 0.0787037
0 0.833854 0.51713 0.0166667 0.0712963
0 0.497656 0.577778 0.0192708 0.0722222
