0 0.489844 0.303241 0.00989583 0.0435185
0 0.486719 0.349074 0.0171875 0.0462963
0 0.784635 0.287037 0.0119792 0.0555556
0 0.546875 0.310648 0.0208333 0.0583333
0 0.254167 0.441204 0.0145833 0.0583333
0 0.401042 0.388889 0.0114583 0.0537037
0 0.283854 0.506944 0.0177083 0.062037
0 0.598698 0.332407 0.0130208 0.0555556
0 0.486979 0.504167 0.0135417 0.0657407
0 0.484375 0.422685 0.0125 0.0564815
0 0.301823 0.547685 0.0265625 0.0657407
0 0.372656 0.425 0.0119792 0.0611111
0 0.735156 0.488426 0.0171875 0.0601852
0 0.79375 0.499074 0.0145833 0.0703704
0 0.815365 0.399074 0.0119792 0.0574074
0 0.685938 0.338426 0.0104167 0.0546296
0 0.405469 0.546296 0.0223958 0.0777778
