38 0.303125 0.537037 0.01875 0.0944444
0 0.523177 0.293056 0.00989583 0.0453704
0 0.813802 0.2875 0.00989583 0.0509259
0 0.579427 0.309259 0.0130208 0.0537037
0 0.535417 0.365278 0.0166667 0.0490741
0 0.668229 0.347685 0.0166667 0.0509259
0 0.264583 0.436574 0.0166667 0.0564815
0 0.423698 0.381944 0.0140625 0.0509259
0 0.705208 0.331944 0.0114583 0.0564815
0 0.857552 0.398611 0.0119792 0.0564815
0 0.371615 0.426852 0.0151042 0.0666667
0 0.529688 0.507407 0.0166667 0.0648148
0 0.515625 0.421296 0.0166667 0.0592593
0 0.307031 0.53287 0.0244792 0.115741
0 0.845312 0.505556 0.0177083 0.0703704
0 0.775781 0.484259 0.0171875 0.0666667
0 0.456771 0.551389 0.0177083 0.075
