0 0.592188 0.293519 0.01875 0.0518519
56 0.0455729 0.510185 0.0265625 0.0648148
0 0.933073 0.3125 0.0140625 0.0527778
0 0.653646 0.291204 0.0125 0.0416667
0 0.322396 0.631944 0.0135417 0.0361111
0 0.951823 0.381019 0.0119792 0.0527778
0 0.524219 0.387963 0.0140625 0.0518519
0 0.464063 0.57037 0.0166667 0.0722222
0 0.976302 0.547222 0.0213542 0.0722222
0 0.689062 0.316667 0.015625 0.0537037
0 0.615625 0.383796 0.0104167 0.0527778
0 0.211458 0.444444 0.0166667 0.062963
0 0.643229 0.425463 0.0197917 0.0527778
0 0.439063 0.55 0.0197917 0.0611111
0 0.893229 0.489815 0.0197917 0.0611111
0 0.454427 0.447222 0.0182292 0.0666667
0 0.647135 0.532407 0.0192708 0.0666667
