0 0.642187 0.290278 0.0114583 0.0416667
0 0.921615 0.312963 0.0140625 0.0518519
0 0.309375 0.63287 0.0135417 0.0361111
0 0.677083 0.316667 0.015625 0.0537037
0 0.513281 0.389352 0.0151042 0.0527778
0 0.603646 0.383796 0.0114583 0.0527778
0 0.451823 0.57037 0.0151042 0.0685185
0 0.964323 0.546296 0.0213542 0.0703704
0 0.426042 0.550463 0.0197917 0.062037
0 0.63151 0.425 0.0182292 0.0518519
0 0.197396 0.443519 0.015625 0.0666667
0 0.939323 0.381481 0.0119792 0.0537037
0 0.442969 0.448148 0.0192708 0.062963
0 0.880469 0.488426 0.0192708 0.062037
0 0.635417 0.532407 0.01875 0.0666667
