0 0.628125 0.337037 0.0177083 0.0518519
0 0.359896 0.518519 0.028125 0.0648148
0 0.634635 0.332407 0.0182292 0.0648148
0 0.409375 0.415278 0.0114583 0.0601852
0 0.846094 0.310185 0.0130208 0.0537037
0 0.898177 0.435648 0.0171875 0.0564815
0 0.351562 0.519444 0.0145833 0.062963
0 0.504948 0.353241 0.0140625 0.075
0 0.598698 0.331481 0.0119792 0.0574074
0 0.448177 0.451852 0.0171875 0.0648148
0 0.384635 0.516204 0.0161458 0.062037
0 0.749479 0.373148 0.01875 0.0574074
0 0.514583 0.456481 0.0114583 0.062963
0 0.442969 0.57963 0.0161458 0.0703704
0 0.859115 0.53287 0.0151042 0.0712963
0 0.527865 0.539815 0.0130208 0.0666667
0 0.769792 0.512037 0.0177083 0.0666667
