0 0.492188 0.353241 0.0135417 0.0416667
0 0.491927 0.302315 0.0109375 0.0453704
0 0.283854 0.502778 0.0197917 0.0666667
0 0.539844 0.309259 0.0140625 0.05
0 0.552865 0.305093 0.0130208 0.0564815
0 0.785937 0.287963 0.0114583 0.0537037
0 0.401302 0.3875 0.0119792 0.0509259
0 0.251302 0.443981 0.0140625 0.0564815
0 0.605729 0.335185 0.0166667 0.05
0 0.485677 0.421759 0.0151042 0.0546296
0 0.290104 0.547685 0.0239583 0.0787037
0 0.367708 0.427315 0.0145833 0.062037
0 0.798958 0.502315 0.0166667 0.0712963
0 0.488281 0.504167 0.0182292 0.0675926
0 0.738021 0.487963 0.0197917 0.0574074
0 0.686458 0.338426 0.0104167 0.0546296
0 0.407292 0.544907 0.01875 0.0712963
0 0.815104 0.4 0.0114583 0.0574074
