0 0.550781 0.346296 0.0171875 0.0796296
0 0.892448 0.306944 0.0119792 0.0509259
0 0.682552 0.325926 0.0109375 0.0611111
0 0.460677 0.412037 0.0119792 0.0518519
0 0.642708 0.329167 0.0125 0.0564815
0 0.6625 0.333796 0.0125 0.0527778
0 0.938281 0.430093 0.0130208 0.0527778
0 0.488802 0.456481 0.0151042 0.0648148
0 0.560417 0.450926 0.0125 0.0574074
0 0.817969 0.518519 0.0151042 0.0685185
0 0.790885 0.37037 0.0119792 0.0592593
0 0.56875 0.537037 0.0177083 0.0666667
0 0.390625 0.518519 0.015625 0.0648148
0 0.414323 0.530093 0.0119792 0.0712963
0 0.903385 0.536111 0.0151042 0.0685185
0 0.483854 0.58287 0.0166667 0.075
