0 0.384115 0.52037 0.0421875 0.0703704
0 0.238021 0.338889 0.0145833 0.0666667
0 0.61901 0.324074 0.0130208 0.0555556
0 0.864062 0.302315 0.0114583 0.0490741
0 0.658594 0.325 0.0119792 0.0611111
0 0.638542 0.330556 0.0125 0.0574074
0 0.440104 0.408333 0.0114583 0.0481481
0 0.394792 0.525463 0.0177083 0.0694444
0 0.909375 0.426389 0.015625 0.0546296
0 0.529948 0.34537 0.0151042 0.0759259
0 0.468229 0.449074 0.0197917 0.062963
0 0.546615 0.532407 0.0161458 0.0648148
0 0.765365 0.365741 0.0109375 0.0592593
0 0.538802 0.445833 0.0130208 0.0601852
0 0.371875 0.514352 0.0177083 0.0657407
0 0.873177 0.530093 0.0171875 0.0712963
0 0.791667 0.511574 0.015625 0.0638889
0 0.463542 0.577778 0.0177083 0.0759259
