0 0.520573 0.237963 0.0140625 0.0518519
0 0.279687 0.537037 0.0291667 0.0981481
0 0.483333 0.308796 0.0114583 0.0472222
0 0.48099 0.360185 0.0192708 0.0481481
0 0.546094 0.314352 0.0140625 0.0583333
0 0.53724 0.317593 0.0192708 0.0574074
0 0.273177 0.520833 0.0234375 0.0675926
0 0.783333 0.294444 0.0135417 0.0537037
0 0.596354 0.34537 0.01875 0.0537037
0 0.284375 0.558796 0.025 0.0657407
0 0.240365 0.456944 0.0161458 0.0601852
0 0.391927 0.398148 0.0119792 0.0481481
0 0.68151 0.347685 0.0109375 0.0546296
0 0.359896 0.438889 0.0114583 0.062963
0 0.732031 0.5 0.0182292 0.0574074
0 0.8125 0.409259 0.0135417 0.0555556
0 0.395573 0.562037 0.0223958 0.0685185
0 0.479427 0.514352 0.0161458 0.0638889
0 0.477604 0.434722 0.0125 0.0564815
0 0.792188 0.512037 0.0135417 0.0703704
