0 0.0807292 0.42037 0.01875 0.0703704
0 0.483333 0.313426 0.0114583 0.0509259
0 0.479948 0.35787 0.0171875 0.0453704
0 0.542969 0.319444 0.0171875 0.0574074
0 0.783333 0.294444 0.0145833 0.0555556
0 0.276302 0.525463 0.0276042 0.0712963
0 0.28776 0.551852 0.0317708 0.0777778
0 0.242708 0.455093 0.015625 0.062037
0 0.591406 0.341667 0.0151042 0.0555556
0 0.813802 0.409259 0.0130208 0.0574074
0 0.479688 0.516204 0.0145833 0.0638889
0 0.477083 0.434722 0.0125 0.0546296
0 0.392448 0.397685 0.0119792 0.0509259
0 0.394271 0.564815 0.0229167 0.0648148
0 0.73125 0.5 0.0166667 0.0592593
0 0.682292 0.349074 0.0114583 0.0574074
0 0.364323 0.438889 0.0151042 0.0685185
0 0.790104 0.510648 0.015625 0.0657407
