0 0.531771 0.308796 0.0125 0.0527778
0 0.99375 0.421296 0.0125 0.0611111
0 0.792188 0.290278 0.0125 0.0527778
0 0.245312 0.438889 0.0135417 0.0537037
0 0.511198 0.362963 0.0171875 0.0481481
0 0.557292 0.307407 0.0125 0.0537037
0 0.285937 0.521296 0.0229167 0.0925926
0 0.280469 0.560185 0.0223958 0.062963
0 0.636979 0.348148 0.0145833 0.0574074
0 0.403906 0.386111 0.0109375 0.0537037
0 0.820052 0.508796 0.0151042 0.0712963
0 0.353385 0.426852 0.0140625 0.0666667
0 0.491146 0.42037 0.0135417 0.0555556
0 0.832031 0.399074 0.0171875 0.0537037
0 0.686979 0.335185 0.0125 0.0537037
0 0.502604 0.506019 0.0177083 0.0675926
0 0.429948 0.549537 0.0255208 0.0638889
0 0.753385 0.485648 0.0182292 0.0638889
