0 0.6 0.420833 0.0208333 0.0694444
0 0.634896 0.290278 0.0114583 0.0435185
0 0.571354 0.297685 0.0208333 0.0601852
0 0.911719 0.314352 0.0140625 0.0546296
0 0.295573 0.631019 0.0140625 0.037963
0 0.666927 0.315741 0.0171875 0.0537037
0 0.955469 0.544907 0.0171875 0.0694444
0 0.442708 0.567593 0.01875 0.0685185
0 0.619531 0.426389 0.0192708 0.0490741
0 0.188542 0.443981 0.0177083 0.0675926
0 0.59375 0.381481 0.0135417 0.0555556
0 0.501562 0.388426 0.0145833 0.0546296
0 0.93151 0.381019 0.0140625 0.0546296
0 0.414323 0.551852 0.0223958 0.0592593
0 0.86849 0.488889 0.0192708 0.062963
0 0.623958 0.532407 0.0177083 0.0703704
0 0.429427 0.449537 0.0192708 0.0675926
