0 0.697917 0.325926 0.0135417 0.062963
0 0.693229 0.336574 0.0166667 0.0694444
0 0.54974 0.358796 0.0161458 0.0787037
0 0.438281 0.413426 0.0151042 0.0583333
0 0.686198 0.348148 0.0171875 0.0592593
0 0.920052 0.315741 0.0140625 0.0537037
0 0.503125 0.450463 0.0166667 0.0694444
0 0.5625 0.464352 0.015625 0.0657407
0 0.365365 0.431481 0.0140625 0.0685185
0 0.822135 0.383796 0.0109375 0.0564815
0 0.402083 0.517593 0.0177083 0.0685185
0 0.659375 0.333333 0.0125 0.0648148
0 0.972917 0.444907 0.0125 0.0638889
0 0.453385 0.496759 0.0171875 0.0694444
0 0.834115 0.517593 0.0171875 0.0722222
0 0.928906 0.540278 0.0119792 0.075
0 0.559635 0.551389 0.0171875 0.0787037
0 0.497917 0.577778 0.01875 0.0722222
