0 0.659896 0.351852 0.0447917 0.0574074
0 0.791146 0.299537 0.0114583 0.0509259
0 0.51849 0.32037 0.0140625 0.0537037
0 0.494271 0.301389 0.0104167 0.0435185
0 0.274219 0.527778 0.0192708 0.0703704
0 0.50625 0.375 0.015625 0.0462963
0 0.551562 0.319907 0.0125 0.0546296
0 0.985937 0.431944 0.0239583 0.0564815
0 0.485677 0.434259 0.0151042 0.0592593
0 0.228646 0.449537 0.015625 0.0583333
0 0.268229 0.548148 0.0229167 0.101852
0 0.677604 0.340741 0.009375 0.0537037
0 0.833073 0.408333 0.0119792 0.0555556
0 0.391146 0.391667 0.0125 0.05
0 0.640885 0.358333 0.0151042 0.0518519
0 0.336979 0.439815 0.0145833 0.0648148
0 0.498177 0.522222 0.0203125 0.0685185
0 0.420833 0.566667 0.0177083 0.0814815
0 0.748698 0.494907 0.0171875 0.0712963
0 0.819792 0.513889 0.015625 0.0722222
