0 0.540365 0.369444 0.0109375 0.0518519
0 0.521615 0.306019 0.0140625 0.0546296
0 0.49401 0.300463 0.00885417 0.0435185
0 0.822135 0.30463 0.0130208 0.0666667
0 0.676302 0.324537 0.0130208 0.0546296
0 0.669531 0.361111 0.0182292 0.0518519
0 0.590625 0.324537 0.0104167 0.0527778
0 0.299219 0.52037 0.0161458 0.0537037
0 0.533594 0.4375 0.0140625 0.0583333
0 0.434635 0.390741 0.0140625 0.0555556
0 0.216927 0.450926 0.0171875 0.0666667
0 0.344271 0.444907 0.0197917 0.0564815
0 0.882031 0.41713 0.0171875 0.0546296
0 0.773438 0.498611 0.01875 0.0657407
0 0.227865 0.56713 0.0255208 0.062037
0 0.421615 0.563889 0.0192708 0.0740741
0 0.551042 0.525926 0.0145833 0.0666667
0 0.889063 0.538426 0.0322917 0.0694444
