0 0.521094 0.301389 0.00989583 0.0509259
0 0.835156 0.311111 0.0161458 0.0555556
0 0.676823 0.337963 0.0182292 0.0814815
0 0.497396 0.303241 0.0104167 0.0527778
0 0.542708 0.368519 0.0125 0.0407407
0 0.673698 0.314352 0.0130208 0.0490741
0 0.68099 0.356481 0.0182292 0.0518519
0 0.344792 0.440741 0.0208333 0.0555556
0 0.213542 0.456481 0.0177083 0.0648148
0 0.445052 0.390741 0.0130208 0.0518519
0 0.603646 0.321759 0.0114583 0.0509259
0 0.545573 0.435185 0.0171875 0.0592593
0 0.895573 0.416667 0.0140625 0.0574074
0 0.91276 0.538889 0.0182292 0.0703704
0 0.784375 0.496296 0.0197917 0.0574074
0 0.56276 0.528241 0.0223958 0.0675926
0 0.325 0.526389 0.0208333 0.0583333
0 0.238542 0.585185 0.0229167 0.0648148
0 0.435417 0.553241 0.01875 0.0675926
