0 0.0414063 0.534722 0.0140625 0.0398148
0 0.368229 0.524074 0.0385417 0.0648148
0 0.51875 0.334259 0.0229167 0.0722222
0 0.611979 0.327778 0.0145833 0.0555556
0 0.51224 0.353704 0.0140625 0.0444444
0 0.63724 0.327778 0.0151042 0.0518519
0 0.53125 0.522685 0.015625 0.0675926
0 0.433333 0.403241 0.0114583 0.0490741
0 0.841667 0.300463 0.0114583 0.0509259
0 0.526563 0.440741 0.015625 0.0574074
0 0.352344 0.514352 0.0171875 0.0638889
0 0.45 0.44537 0.015625 0.0592593
0 0.84401 0.523148 0.0203125 0.0685185
0 0.875 0.419907 0.0166667 0.0564815
0 0.771354 0.506944 0.0177083 0.0657407
0 0.377083 0.530093 0.015625 0.0657407
0 0.739844 0.359259 0.0109375 0.0574074
0 0.447135 0.572685 0.0171875 0.0731481
