0 0.345052 0.514815 0.0328125 0.0703704
0 0.500781 0.351389 0.0140625 0.0416667
0 0.514583 0.318056 0.0104167 0.0435185
0 0.822135 0.294907 0.0140625 0.0490741
0 0.591927 0.322222 0.0182292 0.0574074
0 0.336979 0.508333 0.015625 0.0648148
0 0.429688 0.424074 0.015625 0.1
0 0.759635 0.501389 0.0151042 0.062037
0 0.514583 0.434722 0.0125 0.0564815
0 0.622396 0.325926 0.0135417 0.05
0 0.85625 0.414815 0.01875 0.0518519
0 0.520052 0.514815 0.0171875 0.0648148
0 0.434635 0.569444 0.0161458 0.0722222
0 0.723437 0.352778 0.0125 0.0592593
0 0.825 0.513889 0.0177083 0.0703704
0 0.361719 0.534259 0.0182292 0.0722222
