0 0.520312 0.321759 0.0104167 0.0509259
0 0.432552 0.401852 0.0151042 0.0518519
0 0.0359375 0.534259 0.015625 0.0407407
0 0.505729 0.352778 0.0145833 0.0425926
0 0.603906 0.325463 0.0182292 0.0583333
0 0.630469 0.325463 0.0140625 0.0527778
0 0.832812 0.295833 0.0114583 0.0509259
0 0.526563 0.518519 0.0135417 0.062963
0 0.521354 0.438889 0.0145833 0.0592593
0 0.442187 0.441667 0.0177083 0.0592593
0 0.346615 0.511574 0.0182292 0.0601852
0 0.732292 0.355556 0.0125 0.0574074
0 0.370052 0.533333 0.0182292 0.0666667
0 0.865885 0.416667 0.0161458 0.0555556
0 0.835156 0.519444 0.0203125 0.0777778
0 0.765365 0.504167 0.0182292 0.0638889
0 0.441667 0.571296 0.0177083 0.0722222
