0 0.50651 0.294444 0.0119792 0.0407407
0 0.293229 0.509722 0.0229167 0.0694444
0 0.992448 0.418981 0.0151042 0.062037
0 0.533854 0.309259 0.0145833 0.0518519
0 0.797656 0.289815 0.0109375 0.0481481
0 0.408073 0.381481 0.0130208 0.0518519
0 0.51901 0.364815 0.0203125 0.0481481
0 0.286979 0.539815 0.0239583 0.101852
0 0.247135 0.439815 0.0161458 0.0574074
0 0.563542 0.309259 0.0114583 0.0537037
0 0.648438 0.347685 0.01875 0.0583333
0 0.691406 0.334722 0.0119792 0.0564815
0 0.35625 0.426852 0.0135417 0.062963
0 0.498177 0.42037 0.0151042 0.0555556
0 0.508333 0.509722 0.0166667 0.0694444
0 0.758594 0.486111 0.0161458 0.0648148
0 0.839583 0.400463 0.0125 0.0564815
0 0.827865 0.508333 0.0151042 0.0685185
0 0.438542 0.551852 0.0229167 0.0722222
