0 0.541406 0.310648 0.0244792 0.0564815
0 0.99401 0.419444 0.0119792 0.0703704
0 0.496875 0.295833 0.0104167 0.0435185
0 0.282552 0.509259 0.0151042 0.0722222
0 0.788802 0.285648 0.0109375 0.0527778
0 0.401563 0.389352 0.0114583 0.0453704
0 0.24401 0.443981 0.0171875 0.0583333
0 0.504948 0.361574 0.0161458 0.0435185
0 0.534635 0.3125 0.0130208 0.0564815
0 0.553385 0.306481 0.0130208 0.0537037
0 0.488021 0.418981 0.0125 0.0583333
0 0.280469 0.558796 0.0203125 0.0675926
0 0.622917 0.344444 0.0197917 0.0555556
0 0.820833 0.400463 0.0135417 0.0509259
0 0.356771 0.427778 0.0177083 0.0685185
0 0.418229 0.544907 0.01875 0.0657407
0 0.810938 0.506019 0.015625 0.0657407
0 0.745833 0.485648 0.0177083 0.062037
0 0.49375 0.506481 0.0166667 0.0648148
0 0.686198 0.336111 0.0109375 0.0574074
