0 0.360156 0.4375 0.0182292 0.0527778
0 0.440625 0.410185 0.0114583 0.0537037
0 0.559375 0.463889 0.0125 0.0648148
0 0.689062 0.335185 0.021875 0.0740741
0 0.914062 0.315741 0.0135417 0.0518519
0 0.547917 0.356944 0.0166667 0.0787037
0 0.816146 0.384259 0.0114583 0.0574074
0 0.967708 0.444444 0.015625 0.0611111
0 0.56276 0.546759 0.0151042 0.075
0 0.498177 0.450926 0.0171875 0.0703704
0 0.398698 0.518056 0.0161458 0.0731481
0 0.65625 0.335185 0.0135417 0.0611111
0 0.92526 0.537963 0.0140625 0.0740741
0 0.444792 0.507407 0.0166667 0.0666667
0 0.829427 0.516204 0.0182292 0.0731481
0 0.49401 0.580556 0.0182292 0.0722222
