0 0.532292 0.310185 0.0125 0.0574074
0 0.555729 0.306944 0.0125 0.0509259
0 0.992708 0.42037 0.0145833 0.0611111
0 0.509375 0.363426 0.015625 0.0453704
0 0.244531 0.443056 0.0161458 0.0583333
0 0.402604 0.388426 0.0114583 0.0490741
0 0.791146 0.288889 0.0135417 0.0537037
0 0.632292 0.346759 0.0177083 0.0546296
0 0.278646 0.561574 0.0197917 0.0601852
0 0.284115 0.506944 0.0171875 0.0675926
0 0.354167 0.425926 0.0145833 0.0648148
0 0.427604 0.546759 0.0229167 0.062037
0 0.499479 0.507407 0.0177083 0.0685185
0 0.829427 0.4 0.0151042 0.0518519
0 0.686198 0.335648 0.0130208 0.0546296
0 0.490104 0.42037 0.0135417 0.0555556
0 0.75 0.484722 0.0177083 0.062037
0 0.817187 0.508796 0.0166667 0.0675926
