0 0.698438 0.329167 0.0135417 0.0675926
0 0.692969 0.336574 0.0171875 0.0657407
0 0.686458 0.347222 0.0177083 0.0592593
0 0.549479 0.359259 0.015625 0.0777778
0 0.920573 0.314815 0.0140625 0.0537037
0 0.438802 0.413889 0.0130208 0.0555556
0 0.563802 0.463889 0.0140625 0.0648148
0 0.366146 0.431481 0.015625 0.0685185
0 0.504167 0.45 0.015625 0.0703704
0 0.834896 0.518519 0.0177083 0.0722222
0 0.402344 0.518056 0.0171875 0.0694444
0 0.660156 0.333796 0.0130208 0.0657407
0 0.822917 0.383333 0.0104167 0.0574074
0 0.973437 0.444907 0.015625 0.0675926
0 0.453385 0.49537 0.0171875 0.0685185
0 0.560417 0.551852 0.0177083 0.0796296
0 0.498177 0.579167 0.0182292 0.0731481
0 0.929688 0.540741 0.0125 0.0759259
