56 0.0825521 0.486111 0.0265625 0.0722222
0 0.6 0.293056 0.015625 0.0490741
0 0.465104 0.565741 0.0354167 0.0703704
0 0.66224 0.288889 0.0130208 0.0444444
0 0.942187 0.315278 0.0135417 0.0527778
0 0.332552 0.631019 0.0140625 0.0342593
0 0.696615 0.31713 0.0151042 0.0527778
0 0.220313 0.443519 0.0166667 0.0666667
0 0.625521 0.384722 0.0125 0.0509259
0 0.960156 0.382407 0.0130208 0.0518519
0 0.533854 0.391204 0.0177083 0.0546296
0 0.652344 0.426389 0.0213542 0.0509259
0 0.447396 0.551389 0.0177083 0.0601852
0 0.986198 0.550463 0.0213542 0.0694444
0 0.473698 0.568519 0.0151042 0.0685185
0 0.463802 0.448611 0.0203125 0.0657407
0 0.902604 0.487963 0.0166667 0.0592593
0 0.657031 0.532407 0.0192708 0.0685185
