0 0.660677 0.340278 0.0161458 0.0546296
0 0.671354 0.331481 0.01875 0.0703704
0 0.528125 0.361574 0.0177083 0.075
0 0.415365 0.412963 0.0130208 0.0537037
0 0.894271 0.313889 0.015625 0.0555556
0 0.482292 0.45 0.015625 0.0703704
0 0.347396 0.430093 0.015625 0.0657407
0 0.638802 0.337037 0.0140625 0.0592593
0 0.945833 0.441204 0.0145833 0.0657407
0 0.382031 0.517593 0.0140625 0.0685185
0 0.541146 0.462963 0.0145833 0.0648148
0 0.797135 0.383333 0.0109375 0.0574074
0 0.435937 0.493519 0.0166667 0.0648148
0 0.903125 0.5375 0.0125 0.0712963
0 0.478646 0.575463 0.01875 0.0712963
0 0.809375 0.515278 0.0166667 0.0694444
0 0.536979 0.553241 0.01875 0.075
