0 0.446875 0.414352 0.0114583 0.062037
0 0.673958 0.33287 0.0208333 0.0694444
0 0.895052 0.309259 0.0130208 0.0555556
0 0.946615 0.4375 0.0171875 0.0583333
0 0.486198 0.452315 0.0171875 0.0694444
0 0.544271 0.350926 0.015625 0.0759259
0 0.421615 0.516204 0.0161458 0.0638889
0 0.553385 0.456019 0.0109375 0.062037
0 0.388802 0.51713 0.0151042 0.0657407
0 0.640104 0.331019 0.0114583 0.0583333
0 0.794792 0.375 0.0177083 0.0592593
0 0.906771 0.535185 0.015625 0.0722222
0 0.816406 0.514815 0.0161458 0.0685185
0 0.566927 0.540278 0.0140625 0.0712963
0 0.48099 0.57963 0.0171875 0.0740741
