56 0.0450521 0.507407 0.0276042 0.0666667
0 0.590104 0.294907 0.0177083 0.0527778
56 0.0708333 0.490278 0.025 0.0675926
0 0.319792 0.631944 0.0145833 0.0361111
0 0.930469 0.312963 0.0140625 0.0555556
0 0.685156 0.315741 0.0171875 0.0537037
0 0.207552 0.444907 0.0130208 0.0638889
0 0.613802 0.385185 0.0119792 0.0518519
0 0.521875 0.389815 0.015625 0.0537037
0 0.974219 0.547685 0.0203125 0.0731481
0 0.639844 0.427315 0.0203125 0.0509259
0 0.461719 0.570833 0.0171875 0.0694444
0 0.434896 0.551852 0.0166667 0.0648148
0 0.890104 0.488889 0.0177083 0.0592593
0 0.948438 0.382407 0.0125 0.0518519
0 0.452083 0.448148 0.0197917 0.0648148
0 0.644531 0.531482 0.0192708 0.0703704
