0 0.923698 0.313426 0.0130208 0.0509259
0 0.311979 0.633796 0.0125 0.0361111
0 0.678385 0.31713 0.0171875 0.0527778
0 0.607031 0.38287 0.0119792 0.0546296
0 0.96901 0.54537 0.0161458 0.0703704
0 0.201042 0.443056 0.0166667 0.0657407
0 0.428906 0.550463 0.0192708 0.0601852
0 0.633594 0.426852 0.0192708 0.0537037
0 0.515365 0.389352 0.0161458 0.0527778
0 0.455208 0.569444 0.0177083 0.0685185
0 0.941667 0.381481 0.0125 0.0537037
0 0.445312 0.447685 0.0197917 0.0657407
0 0.883333 0.487963 0.01875 0.062963
0 0.63724 0.531944 0.0192708 0.0657407
