0 0.490365 0.350926 0.0182292 0.0444444
0 0.490885 0.303241 0.00989583 0.0453704
0 0.552865 0.306481 0.0140625 0.0574074
0 0.284896 0.50787 0.0208333 0.0675926
0 0.540625 0.312037 0.0135417 0.0555556
0 0.785417 0.289352 0.0125 0.0527778
0 0.401042 0.384259 0.0114583 0.0462963
0 0.602865 0.335648 0.0192708 0.0527778
0 0.296094 0.546296 0.0234375 0.0685185
0 0.484896 0.423148 0.0135417 0.0574074
0 0.370052 0.426389 0.0151042 0.0638889
0 0.252083 0.443981 0.0135417 0.0583333
0 0.486458 0.50463 0.0166667 0.0685185
0 0.796094 0.5 0.0140625 0.0703704
0 0.736979 0.487037 0.0177083 0.0574074
0 0.686198 0.338426 0.0109375 0.0527778
0 0.406771 0.54537 0.0208333 0.0722222
0 0.815104 0.399537 0.0125 0.0564815
