0 0.877344 0.314815 0.0203125 0.062963
0 0.659375 0.304167 0.009375 0.0527778
0 0.63125 0.318981 0.0135417 0.0472222
0 0.529427 0.310648 0.0109375 0.0490741
0 0.570312 0.370833 0.0177083 0.0583333
0 0.444792 0.539352 0.0177083 0.0601852
0 0.198177 0.452778 0.0140625 0.0611111
0 0.575521 0.435648 0.0145833 0.0601852
0 0.46849 0.390278 0.0130208 0.0490741
0 0.372396 0.442593 0.0177083 0.062963
0 0.699479 0.331019 0.0125 0.0583333
0 0.365365 0.537963 0.0161458 0.0611111
0 0.926562 0.406944 0.0197917 0.0527778
0 0.946615 0.542593 0.0161458 0.0722222
0 0.594271 0.530093 0.0166667 0.0657407
0 0.247656 0.614352 0.0223958 0.0601852
0 0.822917 0.491667 0.0197917 0.0611111
