0 0.342448 0.446759 0.0161458 0.0342593
0 0.6625 0.337963 0.01875 0.05
0 0.675781 0.326852 0.0130208 0.0648148
0 0.669271 0.330556 0.01875 0.0648148
0 0.888281 0.307407 0.0130208 0.0555556
0 0.445052 0.414815 0.0119792 0.062963
0 0.938281 0.4375 0.0182292 0.0546296
0 0.416406 0.516204 0.0119792 0.0657407
0 0.635938 0.327778 0.0104167 0.062963
0 0.482552 0.45 0.0161458 0.0666667
0 0.551042 0.452315 0.0135417 0.0583333
0 0.384635 0.51713 0.0161458 0.0675926
0 0.563021 0.5375 0.0135417 0.0694444
0 0.788542 0.373148 0.01875 0.0592593
0 0.541146 0.349074 0.0135417 0.0740741
0 0.810156 0.51713 0.0171875 0.0657407
0 0.897656 0.534722 0.0161458 0.0731481
0 0.477344 0.57963 0.0171875 0.0703704
