56 0.10625 0.490278 0.0260417 0.0675926
0 0.55026 0.302778 0.0130208 0.0444444
0 0.703646 0.30787 0.009375 0.0453704
0 0.73151 0.339815 0.0161458 0.0518519
0 0.652865 0.316667 0.0119792 0.0481481
0 0.590885 0.362037 0.0140625 0.0555556
0 0.950521 0.412037 0.0145833 0.0518519
0 0.254948 0.446296 0.0161458 0.0592593
0 0.388802 0.524074 0.0151042 0.0592593
0 0.496875 0.379167 0.0104167 0.0509259
0 0.399479 0.428241 0.01875 0.0564815
0 0.614844 0.519444 0.0151042 0.062963
0 0.596354 0.427778 0.0177083 0.0518519
0 0.288021 0.589352 0.0166667 0.0731481
0 0.972135 0.536111 0.0213542 0.0685185
0 0.476823 0.532407 0.0203125 0.0592593
0 0.84349 0.489352 0.0203125 0.062037
