0 0.522917 0.330556 0.0125 0.0648148
0 0.610417 0.328241 0.0145833 0.0546296
0 0.530729 0.521759 0.015625 0.0638889
0 0.511198 0.355556 0.0130208 0.0444444
0 0.433333 0.402778 0.0114583 0.0481481
0 0.52526 0.440278 0.0151042 0.0601852
0 0.840104 0.299537 0.0104167 0.0509259
0 0.636719 0.327778 0.0140625 0.0518519
0 0.448438 0.444444 0.0166667 0.0592593
0 0.872917 0.419907 0.015625 0.0546296
0 0.37526 0.52963 0.0171875 0.0666667
0 0.351823 0.515278 0.0192708 0.0675926
0 0.842708 0.522222 0.0208333 0.0722222
0 0.770573 0.506481 0.0171875 0.0648148
0 0.446354 0.573148 0.0177083 0.0740741
0 0.739062 0.359259 0.0114583 0.0574074
