0 0.585156 0.406019 0.0234375 0.0972222
0 0.892708 0.318056 0.0135417 0.0472222
0 0.580729 0.380556 0.0208333 0.0648148
0 0.546875 0.304167 0.0145833 0.0564815
0 0.686458 0.319907 0.0125 0.0527778
0 0.648177 0.309259 0.0171875 0.0611111
0 0.591667 0.432407 0.0197917 0.0592593
0 0.185937 0.455556 0.0145833 0.0648148
0 0.265885 0.621759 0.0161458 0.0490741
0 0.482812 0.390278 0.0166667 0.0509259
0 0.932292 0.393981 0.0104167 0.0527778
0 0.947135 0.547222 0.0223958 0.0685185
0 0.395833 0.445833 0.0208333 0.0657407
0 0.607813 0.530556 0.0166667 0.0666667
0 0.383854 0.55 0.0291667 0.062963
0 0.841667 0.488889 0.028125 0.062963
0 0.446354 0.55787 0.0239583 0.0675926
