0 0.545833 0.302778 0.015625 0.0555556
0 0.891406 0.318056 0.0119792 0.0472222
0 0.579427 0.375926 0.0182292 0.0574074
0 0.646875 0.308333 0.0145833 0.062963
0 0.68724 0.320833 0.0130208 0.0546296
0 0.18724 0.456019 0.0151042 0.0638889
0 0.590885 0.435648 0.0203125 0.0546296
0 0.482031 0.390278 0.0182292 0.0509259
0 0.264583 0.622685 0.0166667 0.0490741
0 0.932292 0.394444 0.0104167 0.0537037
0 0.947656 0.546759 0.0223958 0.0675926
0 0.39349 0.445833 0.0203125 0.0601852
0 0.383073 0.548611 0.0296875 0.0638889
0 0.606771 0.530556 0.0166667 0.0666667
0 0.446354 0.556019 0.0239583 0.0657407
0 0.840885 0.489352 0.0286458 0.0638889
