0 0.502344 0.29537 0.0130208 0.0444444
0 0.79375 0.290278 0.0125 0.0509259
0 0.532031 0.309722 0.0130208 0.0527778
0 0.28151 0.553704 0.0223958 0.0740741
0 0.992969 0.420833 0.0140625 0.0601852
0 0.245573 0.438426 0.0151042 0.0564815
0 0.51276 0.3625 0.0161458 0.0490741
0 0.558594 0.308796 0.0119792 0.0583333
0 0.405208 0.38287 0.0114583 0.0527778
0 0.286979 0.530093 0.0239583 0.110185
0 0.353906 0.425926 0.0130208 0.0648148
0 0.6875 0.333796 0.0125 0.0527778
0 0.820573 0.509259 0.0161458 0.0722222
0 0.504687 0.506481 0.0166667 0.0648148
0 0.492969 0.421296 0.0140625 0.0555556
0 0.640104 0.346296 0.0145833 0.0555556
0 0.833333 0.4 0.0177083 0.0555556
0 0.754167 0.485648 0.0177083 0.062037
0 0.432031 0.550926 0.0234375 0.0685185
