56 0.116406 0.49213 0.0265625 0.0694444
0 0.53099 0.289352 0.00989583 0.0416667
0 0.578385 0.373148 0.0140625 0.0740741
0 0.854688 0.306019 0.0125 0.0509259
0 0.383854 0.432407 0.021875 0.0537037
0 0.630208 0.314352 0.0104167 0.0490741
0 0.709115 0.330556 0.0151042 0.087037
0 0.263542 0.439352 0.0125 0.0657407
0 0.578125 0.421759 0.0135417 0.0546296
0 0.354167 0.504167 0.015625 0.0583333
0 0.478385 0.37963 0.0130208 0.05
0 0.470573 0.548148 0.0182292 0.0685185
0 0.920833 0.404167 0.0177083 0.0564815
0 0.930729 0.527778 0.025 0.0666667
0 0.81276 0.485185 0.0203125 0.0611111
0 0.278906 0.555093 0.0244792 0.0657407
0 0.595833 0.512963 0.0197917 0.0648148
