0 0.476302 0.355556 0.0140625 0.0481481
0 0.546615 0.323148 0.0161458 0.0574074
0 0.395312 0.399074 0.0114583 0.0537037
0 0.784115 0.293981 0.0119792 0.0546296
0 0.249219 0.448611 0.0140625 0.0583333
0 0.276563 0.51713 0.021875 0.0583333
0 0.478385 0.433796 0.0130208 0.0527778
0 0.372135 0.436111 0.0109375 0.0648148
0 0.393229 0.56713 0.01875 0.0638889
0 0.590104 0.339352 0.0135417 0.0509259
0 0.684635 0.350926 0.0109375 0.0574074
0 0.817448 0.411574 0.0151042 0.0583333
0 0.73125 0.502315 0.01875 0.0601852
0 0.480469 0.514352 0.0130208 0.062037
0 0.7875 0.511574 0.01875 0.0657407
0 0.302604 0.558333 0.021875 0.0666667
