56 0.0710938 0.50463 0.0286458 0.0703704
0 0.231771 0.443519 0.0135417 0.0592593
0 0.672917 0.290741 0.0114583 0.0425926
0 0.952604 0.31713 0.015625 0.0509259
0 0.345573 0.631019 0.0151042 0.0361111
0 0.707552 0.31713 0.0151042 0.0527778
0 0.6625 0.428241 0.0197917 0.0546296
0 0.486198 0.570833 0.0171875 0.0675926
0 0.544531 0.391204 0.0182292 0.0509259
0 0.970833 0.38287 0.0125 0.0527778
0 0.635938 0.384259 0.0114583 0.0518519
0 0.913542 0.488426 0.0145833 0.0601852
0 0.459375 0.550463 0.0166667 0.062037
0 0.47526 0.447222 0.0192708 0.062963
0 0.66875 0.531482 0.0197917 0.0685185
