0 0.66849 0.334259 0.0182292 0.0685185
0 0.675 0.325926 0.0145833 0.0722222
0 0.660677 0.34537 0.0171875 0.0592593
0 0.526042 0.361574 0.0166667 0.0768519
0 0.414062 0.413426 0.0125 0.0509259
0 0.481771 0.45 0.0166667 0.0722222
0 0.89349 0.3125 0.0140625 0.0564815
0 0.347656 0.428241 0.0171875 0.0675926
0 0.638542 0.337037 0.0135417 0.0574074
0 0.945312 0.440741 0.0125 0.062963
0 0.796615 0.382407 0.0119792 0.0592593
0 0.540104 0.462037 0.0145833 0.0666667
0 0.38151 0.51713 0.0151042 0.0675926
0 0.436198 0.493981 0.0161458 0.0675926
0 0.477865 0.575 0.0182292 0.0703704
0 0.902083 0.537963 0.0125 0.0740741
0 0.534375 0.555093 0.0208333 0.0731481
0 0.808854 0.515278 0.0166667 0.0694444
