0 0.64401 0.340278 0.0338542 0.0583333
0 0.669271 0.328241 0.0145833 0.0731481
0 0.520312 0.361574 0.01875 0.0731481
0 0.406771 0.413426 0.0114583 0.0546296
0 0.653906 0.344907 0.0192708 0.0638889
0 0.344271 0.428704 0.0177083 0.0703704
0 0.88776 0.311574 0.0130208 0.0527778
0 0.476562 0.450463 0.0145833 0.0694444
0 0.432031 0.492593 0.0151042 0.0666667
0 0.532812 0.463426 0.0145833 0.0694444
0 0.632812 0.337963 0.0135417 0.0574074
0 0.376563 0.51713 0.0177083 0.0694444
0 0.939844 0.440278 0.0109375 0.062037
0 0.791667 0.38287 0.0104167 0.0601852
0 0.802083 0.514815 0.0177083 0.0703704
0 0.895312 0.537037 0.0135417 0.0722222
0 0.473177 0.574537 0.0171875 0.0731481
0 0.527344 0.555556 0.0203125 0.0685185
