0 0.532292 0.309722 0.0125 0.0564815
0 0.508073 0.363889 0.0151042 0.0444444
0 0.992708 0.419444 0.0145833 0.062963
0 0.554948 0.307407 0.0119792 0.05
0 0.401823 0.387963 0.0119792 0.0481481
0 0.790625 0.2875 0.0135417 0.0546296
0 0.281771 0.526389 0.01875 0.108333
0 0.278906 0.559259 0.0192708 0.062963
0 0.242969 0.444907 0.0171875 0.0601852
0 0.629427 0.346296 0.0203125 0.0555556
0 0.426042 0.547685 0.0239583 0.062037
0 0.489583 0.42037 0.0135417 0.0555556
0 0.354688 0.425463 0.0135417 0.0638889
0 0.686458 0.336111 0.0125 0.0555556
0 0.827083 0.4 0.0135417 0.0518519
0 0.816146 0.50787 0.0177083 0.0638889
0 0.497135 0.508333 0.0171875 0.0666667
0 0.748438 0.485648 0.0166667 0.0638889
