0 0.522135 0.309722 0.0140625 0.0490741
0 0.623698 0.319444 0.0130208 0.0481481
0 0.6625 0.309259 0.0104167 0.0444444
0 0.5625 0.364352 0.015625 0.0564815
0 0.867708 0.316667 0.0135417 0.0574074
0 0.441927 0.539352 0.0223958 0.0546296
0 0.201823 0.456481 0.0140625 0.0648148
0 0.565885 0.4375 0.0213542 0.0546296
0 0.363802 0.443519 0.0171875 0.0611111
0 0.922656 0.40787 0.0151042 0.0509259
0 0.464063 0.392593 0.0197917 0.0518519
0 0.698438 0.337037 0.0145833 0.0574074
0 0.940104 0.543519 0.0166667 0.0722222
0 0.243229 0.611574 0.0177083 0.0694444
0 0.5875 0.528704 0.0260417 0.0685185
0 0.35599 0.538889 0.0255208 0.0611111
0 0.816406 0.493056 0.0161458 0.0638889
