0 0.69375 0.333796 0.0177083 0.0731481
0 0.686719 0.347685 0.0171875 0.0583333
0 0.54974 0.358796 0.0161458 0.0787037
0 0.438542 0.413889 0.0145833 0.0574074
0 0.920313 0.314815 0.0135417 0.0537037
0 0.503906 0.449537 0.0161458 0.0694444
0 0.563281 0.463889 0.0140625 0.0648148
0 0.365885 0.431481 0.0151042 0.0685185
0 0.402604 0.518056 0.0177083 0.0675926
0 0.834115 0.518056 0.0161458 0.0694444
0 0.659635 0.333333 0.0130208 0.0648148
0 0.822396 0.383333 0.0104167 0.0574074
0 0.973698 0.443981 0.0130208 0.0657407
0 0.453125 0.495833 0.0177083 0.0694444
0 0.559896 0.550926 0.0177083 0.0796296
0 0.498177 0.578241 0.0182292 0.0731481
0 0.929688 0.540741 0.0125 0.0759259
