0 0.494792 0.353704 0.0125 0.0425926
0 0.283854 0.504167 0.0197917 0.0657407
0 0.492969 0.301389 0.00989583 0.0435185
0 0.538802 0.308796 0.0151042 0.0509259
0 0.786458 0.288426 0.0114583 0.0509259
0 0.552604 0.303704 0.0125 0.0555556
0 0.249479 0.442593 0.015625 0.0555556
0 0.608854 0.337963 0.01875 0.0574074
0 0.401823 0.3875 0.0109375 0.0490741
0 0.286719 0.534259 0.0223958 0.101852
0 0.485938 0.421759 0.0145833 0.0546296
0 0.364844 0.426852 0.0161458 0.062963
0 0.801302 0.503704 0.0171875 0.0703704
0 0.408594 0.546296 0.0161458 0.0722222
0 0.739062 0.489352 0.01875 0.0583333
0 0.686198 0.338426 0.0109375 0.0546296
0 0.488802 0.503704 0.0182292 0.0666667
0 0.815625 0.398611 0.0125 0.0564815
