0 0.263802 0.337037 0.0151042 0.0685185
0 0.360938 0.438426 0.0177083 0.0490741
0 0.440365 0.411574 0.0109375 0.0546296
0 0.689583 0.335185 0.0208333 0.0740741
0 0.559635 0.463889 0.0130208 0.062963
0 0.914323 0.316204 0.0151042 0.0527778
0 0.968229 0.444907 0.015625 0.062037
0 0.548177 0.356944 0.0161458 0.0787037
0 0.816667 0.384259 0.0114583 0.0574074
0 0.498437 0.450926 0.0166667 0.0703704
0 0.561979 0.546759 0.015625 0.0768519
0 0.398698 0.518056 0.0161458 0.0731481
0 0.65625 0.335185 0.0135417 0.0611111
0 0.925521 0.537963 0.0145833 0.0740741
0 0.445312 0.506019 0.0166667 0.0675926
0 0.829687 0.516667 0.0177083 0.0740741
0 0.494531 0.57963 0.0182292 0.0703704
