0 0.545052 0.309722 0.0161458 0.0527778
0 0.519792 0.293056 0.0104167 0.0416667
0 0.810156 0.286111 0.0119792 0.0537037
38 0.300781 0.535648 0.0234375 0.102778
0 0.532552 0.365278 0.0182292 0.0472222
0 0.260938 0.438889 0.0166667 0.0555556
0 0.420052 0.381481 0.0140625 0.0537037
0 0.368229 0.425926 0.0145833 0.0611111
0 0.576302 0.308796 0.0130208 0.0546296
0 0.5125 0.420833 0.0166667 0.0546296
0 0.52526 0.508333 0.0192708 0.0666667
0 0.302865 0.532407 0.0255208 0.112963
0 0.665104 0.347222 0.015625 0.0537037
0 0.842969 0.50463 0.0171875 0.0685185
0 0.701563 0.331481 0.0104167 0.0574074
0 0.772135 0.485648 0.0182292 0.0694444
0 0.854167 0.398148 0.0125 0.0574074
0 0.453906 0.552315 0.0203125 0.075
