0 0.26276 0.340278 0.0151042 0.0657407
0 0.564583 0.352778 0.015625 0.0462963
0 0.579427 0.318981 0.0109375 0.0453704
0 0.689062 0.331481 0.0166667 0.0537037
0 0.35599 0.440278 0.0244792 0.0638889
0 0.65651 0.327315 0.0151042 0.0601852
0 0.897917 0.300463 0.0145833 0.0546296
0 0.486719 0.441204 0.0182292 0.0768519
0 0.934115 0.423611 0.0161458 0.0564815
0 0.583594 0.524537 0.0140625 0.0694444
0 0.579167 0.439352 0.0135417 0.0583333
0 0.795052 0.358796 0.0140625 0.0601852
0 0.901302 0.528241 0.0171875 0.0712963
0 0.390365 0.514352 0.0151042 0.0657407
0 0.415625 0.542593 0.0197917 0.0740741
0 0.836458 0.512963 0.0177083 0.0703704
0 0.494531 0.580556 0.0182292 0.0740741
