0 0.541667 0.310185 0.0260417 0.0555556
0 0.497135 0.295833 0.0109375 0.0435185
0 0.788802 0.2875 0.0109375 0.0527778
0 0.99375 0.42037 0.0125 0.0666667
0 0.282552 0.506944 0.0151042 0.0675926
0 0.534115 0.312037 0.0130208 0.0574074
0 0.401302 0.388426 0.0119792 0.0453704
0 0.505469 0.361574 0.0161458 0.0435185
0 0.24401 0.444444 0.0161458 0.0592593
0 0.553385 0.306944 0.0130208 0.0527778
0 0.488281 0.418981 0.0130208 0.0583333
0 0.624479 0.34537 0.0197917 0.0537037
0 0.420052 0.543519 0.0192708 0.0666667
0 0.279687 0.559259 0.0208333 0.0648148
0 0.35625 0.427315 0.0177083 0.0675926
0 0.810938 0.506481 0.0177083 0.0666667
0 0.821875 0.401389 0.0125 0.0509259
0 0.746354 0.485648 0.0177083 0.0638889
0 0.685938 0.335648 0.0114583 0.0564815
0 0.494271 0.506481 0.0166667 0.0648148
