0 0.63724 0.33287 0.0182292 0.0638889
0 0.409896 0.413426 0.0114583 0.0583333
0 0.901563 0.436111 0.0166667 0.0555556
0 0.50599 0.353241 0.0140625 0.075
0 0.849479 0.310185 0.0145833 0.0574074
0 0.601042 0.333333 0.0114583 0.0555556
0 0.449479 0.452315 0.015625 0.0675926
0 0.386979 0.516667 0.01875 0.0648148
0 0.353385 0.51713 0.0140625 0.0657407
0 0.752865 0.374074 0.0182292 0.0555556
0 0.515104 0.457407 0.0114583 0.0611111
0 0.771875 0.513889 0.0177083 0.0685185
0 0.528125 0.540741 0.0135417 0.0666667
0 0.863021 0.53287 0.0177083 0.0712963
0 0.444531 0.579167 0.0171875 0.0694444
