0 0.638281 0.288889 0.0119792 0.0425926
0 0.435677 0.566667 0.0401042 0.0722222
56 0.0546875 0.490278 0.0270833 0.0694444
0 0.303906 0.634259 0.0130208 0.0407407
0 0.916927 0.314815 0.0171875 0.0518519
0 0.671875 0.316667 0.0166667 0.0555556
0 0.60026 0.384722 0.0130208 0.0527778
0 0.192969 0.447222 0.0171875 0.0648148
0 0.508333 0.390278 0.015625 0.0564815
0 0.626042 0.426389 0.0208333 0.0527778
0 0.960417 0.547685 0.0197917 0.0731481
0 0.447135 0.570833 0.0171875 0.0694444
0 0.934375 0.380556 0.0125 0.0537037
0 0.4375 0.448148 0.0208333 0.0666667
0 0.87474 0.488426 0.0192708 0.0638889
0 0.420052 0.552315 0.0171875 0.062037
0 0.630729 0.531944 0.01875 0.0657407
