0 0.213542 0.339352 0.015625 0.0638889
0 0.519271 0.480093 0.015625 0.119444
0 0.502083 0.351852 0.0145833 0.0444444
0 0.515885 0.319444 0.0109375 0.0407407
0 0.826042 0.296759 0.0114583 0.0472222
0 0.595833 0.324537 0.0177083 0.0583333
0 0.625 0.328704 0.0135417 0.0481481
0 0.522656 0.516667 0.0130208 0.0648148
0 0.432552 0.425926 0.0171875 0.0962963
0 0.859115 0.415278 0.0151042 0.0564815
0 0.517708 0.436111 0.0135417 0.0555556
0 0.340625 0.509259 0.0166667 0.0611111
0 0.761458 0.504167 0.0166667 0.0638889
0 0.43724 0.570833 0.0182292 0.0712963
0 0.727083 0.355556 0.0125 0.0574074
0 0.827344 0.516204 0.0203125 0.0712963
0 0.365365 0.534259 0.0182292 0.0703704
