0 0.64401 0.316204 0.0130208 0.0546296
0 0.88776 0.311111 0.0140625 0.062963
0 0.576563 0.372222 0.0125 0.0555556
0 0.538281 0.313426 0.0119792 0.0416667
0 0.190104 0.455556 0.0177083 0.0666667
0 0.475781 0.391204 0.0109375 0.0490741
0 0.692187 0.323148 0.0125 0.0555556
0 0.588021 0.436574 0.021875 0.0601852
0 0.376563 0.548148 0.0260417 0.0592593
0 0.948438 0.545833 0.0197917 0.0675926
0 0.931771 0.398611 0.0135417 0.0546296
0 0.257552 0.621759 0.0171875 0.0527778
0 0.385156 0.442593 0.0182292 0.062963
0 0.444531 0.549074 0.0213542 0.0666667
0 0.603646 0.52963 0.0197917 0.0666667
0 0.83724 0.490278 0.0192708 0.0638889
