0 0.786979 0.296759 0.0135417 0.062037
0 0.490104 0.304167 0.0114583 0.0453704
0 0.992448 0.429167 0.0151042 0.062037
0 0.521615 0.316667 0.0119792 0.0574074
0 0.271875 0.518981 0.0197917 0.0657407
0 0.548437 0.315741 0.0125 0.05
0 0.5 0.371759 0.0135417 0.0453704
0 0.229427 0.450463 0.0151042 0.0564815
0 0.478906 0.431944 0.0130208 0.0546296
0 0.678906 0.344907 0.0119792 0.0527778
0 0.26224 0.571296 0.0192708 0.0703704
0 0.417708 0.560185 0.0239583 0.062963
0 0.391146 0.398611 0.0104167 0.0509259
0 0.340104 0.436574 0.015625 0.0694444
0 0.626042 0.356481 0.0145833 0.0555556
0 0.811719 0.518981 0.0140625 0.075
0 0.490104 0.515278 0.0177083 0.0638889
0 0.823438 0.408333 0.0145833 0.0574074
0 0.745052 0.494907 0.0171875 0.0675926
