0 0.247656 0.324074 0.00885417 0.0296296
0 0.468229 0.252315 0.0125 0.0527778
0 0.377344 0.266667 0.00885417 0.05
0 0.552604 0.281944 0.009375 0.0435185
0 0.383854 0.337963 0.009375 0.0462963
0 0.445312 0.251852 0.009375 0.037037
62 0.836979 0.653241 0.319792 0.649074
0 0.340625 0.331944 0.0114583 0.0490741
0 0.302083 0.370833 0.0104167 0.0472222
0 0.627604 0.39213 0.0104167 0.0527778
0 0.389844 0.394907 0.0109375 0.0472222
0 0.336719 0.418056 0.0109375 0.0509259
0 0.563802 0.376852 0.0109375 0.05
0 0.275 0.374537 0.0104167 0.0509259
