0 0.542188 0.310648 0.0166667 0.0527778
0 0.258854 0.438889 0.0166667 0.0537037
0 0.808333 0.285648 0.0125 0.0546296
0 0.516667 0.293981 0.009375 0.0416667
0 0.529688 0.363889 0.0166667 0.0481481
0 0.663021 0.348611 0.0166667 0.0527778
0 0.41875 0.381019 0.0135417 0.0527778
0 0.574219 0.308333 0.0130208 0.0555556
0 0.301042 0.531482 0.0260417 0.109259
0 0.365625 0.425 0.0135417 0.062963
0 0.510417 0.420833 0.0145833 0.0564815
0 0.699479 0.333333 0.0125 0.0555556
0 0.840625 0.505556 0.0166667 0.0703704
0 0.769792 0.485648 0.015625 0.0657407
0 0.450521 0.553704 0.0197917 0.0703704
0 0.522135 0.509259 0.0182292 0.0666667
0 0.852344 0.399537 0.0109375 0.0564815
