0 0.995573 0.428241 0.00885417 0.0675926
0 0.270312 0.516204 0.0177083 0.0638889
0 0.486979 0.308333 0.0104167 0.0462963
0 0.528906 0.319907 0.0119792 0.0601852
0 0.490625 0.365741 0.0135417 0.0462963
0 0.234896 0.458333 0.0135417 0.0574074
0 0.545833 0.314352 0.0114583 0.0546296
0 0.68099 0.346296 0.0119792 0.0555556
0 0.608333 0.351852 0.0177083 0.0611111
0 0.348958 0.439815 0.0229167 0.062963
0 0.800521 0.518981 0.0145833 0.0694444
0 0.401302 0.559722 0.0171875 0.075
0 0.392188 0.398148 0.0114583 0.0481481
0 0.478125 0.430093 0.0145833 0.0546296
0 0.735417 0.500926 0.0197917 0.0611111
0 0.48151 0.514815 0.0161458 0.062963
0 0.272656 0.551389 0.0192708 0.108333
0 0.815365 0.408796 0.0151042 0.0583333
