56 0.0575521 0.490278 0.0265625 0.0638889
0 0.641406 0.290741 0.0119792 0.0425926
0 0.307552 0.63287 0.0140625 0.0361111
0 0.674479 0.31713 0.0177083 0.0509259
0 0.195833 0.444907 0.0166667 0.0675926
0 0.449479 0.568519 0.015625 0.0685185
0 0.510677 0.389815 0.0140625 0.0555556
0 0.629167 0.426389 0.0197917 0.0509259
0 0.422396 0.552315 0.01875 0.0601852
0 0.9625 0.547222 0.021875 0.0722222
0 0.602604 0.385185 0.0114583 0.0537037
0 0.9375 0.381944 0.0125 0.0527778
0 0.440104 0.449537 0.0208333 0.0657407
0 0.878646 0.488426 0.01875 0.062037
0 0.633594 0.531944 0.0192708 0.0675926
