0 0.697396 0.325 0.0114583 0.0611111
0 0.691927 0.335648 0.0151042 0.0675926
0 0.43724 0.4125 0.0140625 0.0583333
0 0.685156 0.347222 0.0171875 0.0592593
0 0.548437 0.35787 0.0166667 0.0787037
0 0.364583 0.431481 0.015625 0.0685185
0 0.501823 0.450463 0.0151042 0.0694444
0 0.560938 0.464815 0.015625 0.0666667
0 0.971354 0.444907 0.015625 0.0657407
0 0.658854 0.334259 0.0125 0.062963
0 0.91849 0.315278 0.0151042 0.0546296
0 0.401042 0.517593 0.0177083 0.0685185
0 0.453125 0.496759 0.0166667 0.0694444
0 0.820573 0.383796 0.0119792 0.0564815
0 0.558854 0.551852 0.0166667 0.0777778
0 0.927865 0.539352 0.0119792 0.0731481
0 0.832292 0.516667 0.0177083 0.0740741
0 0.496615 0.578241 0.0192708 0.0712963
