0 0.525 0.325463 0.0135417 0.0527778
0 0.370833 0.524537 0.0375 0.0638889
0 0.520312 0.333796 0.0208333 0.0712963
0 0.513021 0.35463 0.0145833 0.0425926
0 0.610937 0.325926 0.0208333 0.062963
0 0.638281 0.326389 0.0140625 0.0527778
0 0.433594 0.403704 0.0109375 0.05
0 0.842448 0.298148 0.0119792 0.05
0 0.532292 0.523148 0.0166667 0.0685185
0 0.526823 0.440741 0.0151042 0.0574074
0 0.877344 0.419444 0.0151042 0.0592593
0 0.450781 0.44537 0.0151042 0.0592593
0 0.352344 0.515278 0.0171875 0.0638889
0 0.771875 0.509722 0.0177083 0.0657407
0 0.845052 0.521759 0.0192708 0.0712963
0 0.377604 0.528241 0.0177083 0.0657407
0 0.447656 0.572685 0.0171875 0.0731481
0 0.740885 0.359722 0.0119792 0.0601852
