0 0.529427 0.293519 0.00989583 0.0407407
0 0.820573 0.286111 0.0119792 0.0537037
0 0.555208 0.310648 0.015625 0.0527778
0 0.272656 0.437963 0.0151042 0.0611111
0 0.431771 0.380093 0.0125 0.0527778
0 0.542708 0.363426 0.0166667 0.0490741
0 0.586719 0.308333 0.0119792 0.0537037
0 0.675781 0.348611 0.0151042 0.0546296
0 0.523698 0.42037 0.0161458 0.0555556
0 0.380208 0.425463 0.0135417 0.0657407
0 0.783594 0.484722 0.0161458 0.0638889
0 0.315104 0.533796 0.0229167 0.108333
0 0.536198 0.508333 0.0203125 0.0666667
0 0.711979 0.333333 0.0125 0.0574074
0 0.854688 0.505556 0.015625 0.0703704
0 0.864844 0.4 0.0109375 0.0555556
0 0.464844 0.550463 0.0192708 0.0731481
