0 0.520833 0.301852 0.0114583 0.0537037
0 0.673958 0.318981 0.0125 0.0546296
0 0.54375 0.366667 0.0135417 0.0462963
0 0.829167 0.318519 0.0114583 0.0462963
0 0.495052 0.301852 0.0109375 0.0518519
0 0.600521 0.321759 0.0125 0.0509259
0 0.677344 0.346296 0.0151042 0.0759259
0 0.541927 0.433796 0.0151042 0.0564815
0 0.342448 0.443519 0.0234375 0.0555556
0 0.441146 0.388426 0.0104167 0.0527778
0 0.214844 0.455556 0.0182292 0.0666667
0 0.560417 0.528241 0.0208333 0.0675926
0 0.891667 0.415278 0.0145833 0.0583333
0 0.319792 0.522685 0.0197917 0.062037
0 0.907031 0.537963 0.0182292 0.0685185
0 0.240625 0.582407 0.0270833 0.0592593
0 0.782292 0.494907 0.01875 0.0601852
0 0.43125 0.554167 0.0177083 0.0694444
