0 0.920052 0.311574 0.0140625 0.0527778
0 0.641927 0.291204 0.0119792 0.0416667
0 0.307552 0.632407 0.0140625 0.0351852
0 0.67526 0.317593 0.0171875 0.0518519
0 0.196094 0.444444 0.0161458 0.0666667
0 0.511198 0.389815 0.0151042 0.0555556
0 0.449479 0.568519 0.0166667 0.0685185
0 0.629427 0.425926 0.0182292 0.05
0 0.423438 0.552778 0.0177083 0.0611111
0 0.96276 0.546759 0.0213542 0.0712963
0 0.602604 0.384259 0.0114583 0.0537037
0 0.93776 0.381481 0.0130208 0.0537037
0 0.440625 0.448611 0.0208333 0.0638889
0 0.878906 0.488426 0.0192708 0.0601852
0 0.633854 0.531944 0.01875 0.0675926
