0 0.634896 0.290278 0.0114583 0.0453704
0 0.602865 0.424537 0.0234375 0.0694444
0 0.91224 0.315741 0.0140625 0.0518519
0 0.667448 0.316204 0.0171875 0.0527778
0 0.296615 0.631019 0.0119792 0.0361111
0 0.95599 0.544907 0.0171875 0.0694444
0 0.59401 0.381019 0.0130208 0.0546296
0 0.442969 0.567593 0.0192708 0.0703704
0 0.188802 0.443981 0.0182292 0.0675926
0 0.93151 0.380556 0.0140625 0.0537037
0 0.502604 0.388889 0.015625 0.0537037
0 0.414583 0.550926 0.021875 0.0592593
0 0.620313 0.426389 0.0197917 0.0546296
0 0.869271 0.487963 0.0197917 0.062963
0 0.623958 0.531944 0.0166667 0.0675926
0 0.430729 0.449074 0.01875 0.0666667
