0 0.278906 0.438889 0.0182292 0.0592593
0 0.414583 0.396296 0.0125 0.0574074
0 0.501562 0.30787 0.0104167 0.0453704
0 0.488802 0.349537 0.0119792 0.0453704
0 0.404687 0.42037 0.0177083 0.0907407
0 0.801302 0.2875 0.0119792 0.0490741
0 0.569531 0.316667 0.0140625 0.0592593
0 0.498698 0.426389 0.0161458 0.0564815
0 0.60651 0.325926 0.0130208 0.0555556
0 0.311198 0.506019 0.0171875 0.0675926
0 0.836719 0.406481 0.0140625 0.0518519
0 0.416667 0.562037 0.0177083 0.0740741
0 0.33724 0.5375 0.0182292 0.0694444
0 0.704167 0.346759 0.0125 0.0527778
0 0.747656 0.494444 0.0203125 0.0648148
0 0.804167 0.505093 0.0135417 0.0694444
0 0.502865 0.509259 0.0151042 0.0666667
