0 0.673698 0.318519 0.0119792 0.0555556
0 0.884896 0.304167 0.0135417 0.062037
0 0.933333 0.431944 0.015625 0.0583333
0 0.632812 0.325926 0.0125 0.0592593
0 0.659115 0.338426 0.0171875 0.0564815
0 0.445052 0.412963 0.0119792 0.0592593
0 0.41224 0.518056 0.0161458 0.0675926
0 0.480208 0.451852 0.01875 0.0685185
0 0.784115 0.370833 0.0171875 0.062037
0 0.539583 0.346759 0.0135417 0.0768519
0 0.895312 0.533796 0.0166667 0.0712963
0 0.383333 0.516667 0.0145833 0.0685185
0 0.548437 0.451389 0.0135417 0.0583333
0 0.560156 0.535648 0.0119792 0.0694444
0 0.808073 0.515278 0.0171875 0.0675926
0 0.473698 0.579167 0.0171875 0.0731481
