0 0.69349 0.332407 0.0317708 0.062963
0 0.363021 0.448611 0.015625 0.0324074
0 0.686458 0.337963 0.0177083 0.0518519
0 0.701302 0.328704 0.0140625 0.0648148
0 0.917188 0.309722 0.0135417 0.0527778
0 0.57474 0.456944 0.0140625 0.0638889
0 0.469271 0.415741 0.0125 0.0574074
0 0.436458 0.521759 0.015625 0.0694444
0 0.505469 0.454167 0.0171875 0.0694444
0 0.968229 0.440278 0.0145833 0.0546296
0 0.40599 0.52037 0.0151042 0.0648148
0 0.661458 0.329167 0.0114583 0.0601852
0 0.565365 0.350926 0.0140625 0.0740741
0 0.838281 0.522685 0.0182292 0.0675926
0 0.586458 0.541204 0.0125 0.0694444
0 0.928906 0.538889 0.0140625 0.0722222
0 0.815885 0.374537 0.0182292 0.0583333
0 0.499219 0.583333 0.0192708 0.0796296
