56 0.04375 0.507407 0.03125 0.0648148
0 0.648438 0.291667 0.0104167 0.0407407
56 0.0679687 0.492593 0.0265625 0.0648148
0 0.441146 0.556944 0.0260417 0.0675926
0 0.929688 0.313889 0.015625 0.0537037
0 0.683594 0.31713 0.0140625 0.0527778
0 0.316406 0.631944 0.0140625 0.0361111
0 0.205469 0.444444 0.0161458 0.0648148
0 0.63776 0.427315 0.0213542 0.0527778
0 0.945833 0.381019 0.0125 0.0527778
0 0.520052 0.390741 0.0171875 0.0518519
0 0.432552 0.551389 0.0182292 0.0638889
0 0.611979 0.385185 0.0114583 0.0518519
0 0.973177 0.547685 0.0192708 0.0731481
0 0.459635 0.572222 0.0161458 0.0666667
0 0.88724 0.487963 0.0182292 0.062963
0 0.449479 0.448148 0.0197917 0.0648148
0 0.642187 0.532407 0.0197917 0.0685185
