0 0.578125 0.416667 0.0166667 0.103704
0 0.883854 0.32037 0.015625 0.05
0 0.640365 0.316667 0.0130208 0.0481481
0 0.573958 0.372222 0.015625 0.0537037
0 0.192708 0.453704 0.0145833 0.0611111
0 0.535677 0.311111 0.0140625 0.05
0 0.694531 0.326852 0.0119792 0.0574074
0 0.583073 0.435648 0.0182292 0.0601852
0 0.444271 0.547685 0.0197917 0.0675926
0 0.372135 0.544907 0.0213542 0.0583333
0 0.382552 0.44213 0.0171875 0.0583333
0 0.473698 0.391204 0.0119792 0.0490741
0 0.254427 0.61713 0.0182292 0.0564815
0 0.929948 0.400463 0.0161458 0.0564815
0 0.948698 0.546296 0.0203125 0.0703704
0 0.600521 0.529167 0.01875 0.0694444
0 0.833333 0.489352 0.015625 0.0638889
