0 0.0606771 0.536111 0.0161458 0.0444444
0 0.395312 0.518056 0.040625 0.0657407
0 0.669531 0.325926 0.0151042 0.0648148
0 0.878385 0.304167 0.0140625 0.0546296
0 0.44401 0.412037 0.0130208 0.0555556
0 0.927083 0.431019 0.0135417 0.0546296
0 0.652604 0.33287 0.0125 0.0564815
0 0.536719 0.346759 0.0161458 0.0805556
0 0.628646 0.325926 0.0114583 0.0592593
0 0.407031 0.519444 0.0171875 0.0685185
0 0.779948 0.368519 0.0151042 0.0574074
0 0.379167 0.516667 0.0166667 0.0648148
0 0.546354 0.45 0.0135417 0.0592593
0 0.477344 0.450463 0.0161458 0.0638889
0 0.890625 0.533333 0.0166667 0.0703704
0 0.556771 0.534722 0.0145833 0.0638889
0 0.803906 0.515741 0.0171875 0.0685185
0 0.471354 0.578704 0.0166667 0.0722222
