0 0.56276 0.35787 0.0151042 0.0435185
0 0.625781 0.312037 0.0109375 0.0518519
0 0.357812 0.515278 0.0260417 0.0768519
0 0.613542 0.314815 0.015625 0.0537037
0 0.563281 0.308333 0.0109375 0.0518519
0 0.323958 0.445833 0.0166667 0.0638889
0 0.363281 0.538889 0.0276042 0.0944444
0 0.863802 0.293519 0.0151042 0.0537037
0 0.558854 0.425926 0.0145833 0.0574074
0 0.761979 0.343981 0.0125 0.0527778
0 0.679427 0.341667 0.0203125 0.0574074
0 0.473698 0.39213 0.0130208 0.0490741
0 0.896354 0.406019 0.015625 0.0546296
0 0.879167 0.513889 0.01875 0.0722222
0 0.818229 0.499074 0.01875 0.0574074
0 0.439844 0.43287 0.0161458 0.0638889
0 0.56276 0.512963 0.0192708 0.0666667
0 0.483333 0.555556 0.0208333 0.0703704
