0 0.379948 0.520833 0.0328125 0.0675926
0 0.527083 0.343981 0.0177083 0.0768519
0 0.616406 0.324537 0.0119792 0.0583333
0 0.859115 0.299074 0.0109375 0.0518519
0 0.632812 0.328704 0.0125 0.0555556
0 0.438802 0.409259 0.0119792 0.0518519
0 0.654688 0.325 0.0114583 0.0574074
0 0.901563 0.425 0.0145833 0.0555556
0 0.390365 0.525463 0.0171875 0.0712963
0 0.535677 0.443981 0.0119792 0.0638889
0 0.760156 0.363889 0.0130208 0.0574074
0 0.464844 0.449074 0.0171875 0.0611111
0 0.542969 0.531944 0.0171875 0.0638889
0 0.86849 0.528241 0.0161458 0.0694444
0 0.367448 0.513889 0.0161458 0.0666667
0 0.786719 0.511111 0.0161458 0.0666667
0 0.460938 0.576852 0.0177083 0.0740741
