0 0.108073 0.437037 0.0244792 0.0851852
0 0.532292 0.310648 0.0125 0.0564815
0 0.992969 0.420833 0.0140625 0.0601852
0 0.55625 0.306944 0.0125 0.0509259
0 0.244531 0.441204 0.0140625 0.0546296
0 0.509375 0.363426 0.015625 0.0453704
0 0.791146 0.288889 0.0145833 0.0537037
0 0.402604 0.388889 0.0114583 0.05
0 0.632552 0.346296 0.0171875 0.0537037
0 0.284115 0.506019 0.0171875 0.0657407
0 0.279167 0.5625 0.01875 0.0601852
0 0.354167 0.425 0.0145833 0.0648148
0 0.49974 0.50787 0.0192708 0.0675926
0 0.427865 0.547685 0.0234375 0.0601852
0 0.686198 0.336111 0.0130208 0.0537037
0 0.829427 0.4 0.0151042 0.0537037
0 0.490104 0.42037 0.0135417 0.0555556
0 0.817187 0.509259 0.0166667 0.0685185
0 0.750781 0.484259 0.0171875 0.062963
