0 0.415625 0.393056 0.015625 0.0509259
0 0.489062 0.350926 0.0125 0.0444444
0 0.40651 0.422685 0.0192708 0.0824074
0 0.502083 0.309722 0.0104167 0.0472222
0 0.28151 0.438889 0.0213542 0.0592593
0 0.802083 0.287963 0.0114583 0.05
0 0.607552 0.325 0.0119792 0.0555556
0 0.570833 0.318056 0.0145833 0.062037
0 0.5 0.426852 0.015625 0.0574074
0 0.83776 0.406481 0.0151042 0.0537037
0 0.748438 0.49537 0.0197917 0.0666667
0 0.338802 0.536574 0.0182292 0.0712963
0 0.705208 0.347685 0.0125 0.0527778
0 0.31276 0.506481 0.0171875 0.0685185
0 0.805469 0.504167 0.0140625 0.0675926
0 0.417708 0.562037 0.0177083 0.0740741
0 0.504427 0.509722 0.0151042 0.0657407
