0 0.682292 0.3375 0.0166667 0.0564815
0 0.913802 0.306944 0.0130208 0.0527778
0 0.961979 0.435648 0.0145833 0.0583333
0 0.474479 0.413889 0.0135417 0.0555556
0 0.701042 0.328704 0.0125 0.0648148
0 0.660677 0.328704 0.0109375 0.0611111
0 0.567448 0.349074 0.0161458 0.0814815
0 0.925781 0.539815 0.0151042 0.0703704
0 0.40599 0.519907 0.0151042 0.0638889
0 0.83724 0.524074 0.0161458 0.0648148
0 0.576042 0.452778 0.0135417 0.0611111
0 0.504427 0.456019 0.0171875 0.0657407
0 0.585417 0.540278 0.0125 0.0657407
0 0.81224 0.372222 0.0119792 0.0574074
0 0.430469 0.529167 0.0192708 0.0731481
0 0.499479 0.58287 0.0197917 0.0787037
