0 0.822135 0.287037 0.0130208 0.0537037
0 0.557813 0.309259 0.015625 0.0518519
0 0.544792 0.365278 0.0166667 0.0453704
0 0.588542 0.308796 0.0145833 0.0509259
0 0.433333 0.37963 0.0125 0.0518519
0 0.274479 0.4375 0.015625 0.0601852
0 0.526042 0.418981 0.0135417 0.0564815
0 0.677604 0.346759 0.015625 0.0546296
0 0.539062 0.506019 0.0197917 0.0638889
0 0.855469 0.505093 0.0171875 0.0694444
0 0.382812 0.427315 0.0145833 0.0694444
0 0.31849 0.531944 0.0223958 0.110185
0 0.714323 0.331944 0.00989583 0.0564815
0 0.786198 0.485648 0.0182292 0.0675926
0 0.866667 0.399074 0.0135417 0.0592593
0 0.466406 0.55 0.0203125 0.0740741
