0 0.69349 0.334259 0.0171875 0.0740741
0 0.54974 0.359259 0.0161458 0.0777778
0 0.686458 0.348148 0.0177083 0.0592593
0 0.438281 0.413889 0.0151042 0.0574074
0 0.920052 0.315741 0.0140625 0.0537037
0 0.503125 0.450463 0.0166667 0.0694444
0 0.5625 0.464352 0.015625 0.0657407
0 0.365625 0.431481 0.0145833 0.0685185
0 0.402083 0.518056 0.0177083 0.0675926
0 0.822135 0.383796 0.0109375 0.0564815
0 0.659375 0.333333 0.0125 0.0648148
0 0.834375 0.517593 0.0177083 0.0722222
0 0.973177 0.444444 0.0130208 0.0648148
0 0.453385 0.496296 0.0171875 0.0685185
0 0.929167 0.540741 0.0125 0.0759259
0 0.559635 0.551389 0.0171875 0.0787037
0 0.497917 0.577778 0.01875 0.0722222
