0 0.213542 0.351389 0.0197917 0.0675926
0 0.342969 0.522222 0.0328125 0.0796296
0 0.559115 0.290278 0.0109375 0.0398148
0 0.576302 0.324537 0.0140625 0.0694444
0 0.858854 0.290278 0.0125 0.0583333
0 0.713802 0.344907 0.0109375 0.0509259
0 0.575521 0.362037 0.015625 0.05
0 0.614583 0.318981 0.0114583 0.0472222
0 0.334635 0.5375 0.0182292 0.0675926
0 0.352344 0.505556 0.0203125 0.0592593
0 0.575781 0.50463 0.0192708 0.0666667
0 0.4625 0.376389 0.015625 0.0527778
0 0.732552 0.325926 0.00989583 0.0574074
0 0.561198 0.422685 0.0192708 0.0546296
0 0.895833 0.401389 0.0125 0.0509259
0 0.403646 0.425463 0.0145833 0.0657407
0 0.295833 0.428704 0.0177083 0.062963
0 0.47526 0.563426 0.0244792 0.0675926
0 0.892969 0.508796 0.0161458 0.0657407
0 0.813281 0.484722 0.0182292 0.0638889
