0 0.647396 0.310185 0.0145833 0.062963
0 0.890365 0.315741 0.0119792 0.0555556
0 0.578125 0.370833 0.0135417 0.0527778
0 0.188542 0.457407 0.0135417 0.0648148
0 0.689323 0.322222 0.0119792 0.0574074
0 0.932292 0.397222 0.0104167 0.0537037
0 0.479167 0.390278 0.0145833 0.0527778
0 0.26224 0.623148 0.0171875 0.0518519
0 0.589583 0.435185 0.021875 0.0574074
0 0.947917 0.546296 0.0208333 0.0666667
0 0.390625 0.443981 0.0197917 0.062037
0 0.382552 0.548611 0.0307292 0.062037
0 0.605208 0.530556 0.01875 0.0666667
0 0.445833 0.553241 0.025 0.0675926
0 0.839063 0.490278 0.0260417 0.0638889
