0 0.475 0.418519 0.0177083 0.0555556
0 0.555208 0.349537 0.0208333 0.0657407
0 0.560938 0.327778 0.0145833 0.0462963
0 0.549479 0.359259 0.0145833 0.0462963
0 0.679427 0.329167 0.0151042 0.0564815
0 0.890104 0.305556 0.0114583 0.0481481
0 0.469531 0.406019 0.0130208 0.0509259
0 0.3875 0.518056 0.01875 0.062037
0 0.564583 0.449537 0.0135417 0.0490741
0 0.410417 0.534722 0.0177083 0.0694444
0 0.92474 0.42963 0.0171875 0.0537037
0 0.486198 0.453241 0.0171875 0.062037
0 0.785156 0.3625 0.0130208 0.0527778
0 0.56901 0.533333 0.0171875 0.0685185
0 0.816667 0.515278 0.0166667 0.0675926
0 0.483333 0.58287 0.0166667 0.075
0 0.89375 0.534722 0.01875 0.0712963
