0 0.490625 0.351389 0.0177083 0.0453704
0 0.552344 0.306019 0.0140625 0.0564815
0 0.491406 0.302778 0.00989583 0.0444444
0 0.540625 0.310648 0.0145833 0.0546296
0 0.285156 0.506019 0.0213542 0.0675926
0 0.785937 0.289352 0.0125 0.0527778
0 0.401302 0.384722 0.0119792 0.0472222
0 0.603906 0.335648 0.0182292 0.0509259
0 0.29349 0.547685 0.0223958 0.0712963
0 0.369531 0.426852 0.0161458 0.0611111
0 0.485156 0.422222 0.0140625 0.0555556
0 0.251823 0.443981 0.0140625 0.0583333
0 0.48724 0.505093 0.0171875 0.0675926
0 0.797656 0.500926 0.0151042 0.0685185
0 0.7375 0.4875 0.01875 0.0564815
0 0.686198 0.337963 0.0109375 0.0537037
0 0.814844 0.4 0.0119792 0.0574074
0 0.406771 0.544907 0.0197917 0.0712963
