0 0.532552 0.308796 0.0130208 0.0546296
0 0.992448 0.418056 0.0151042 0.0583333
0 0.406771 0.381944 0.0125 0.0527778
0 0.561979 0.308796 0.0125 0.0546296
0 0.646354 0.347222 0.01875 0.0574074
0 0.246354 0.438889 0.0166667 0.0574074
0 0.516667 0.364352 0.0177083 0.0490741
0 0.286719 0.536111 0.0286458 0.114815
0 0.496094 0.419907 0.0140625 0.0564815
0 0.83776 0.4 0.0151042 0.0574074
0 0.354948 0.426389 0.0130208 0.0601852
0 0.689583 0.333796 0.0104167 0.0564815
0 0.507292 0.507407 0.0177083 0.0703704
0 0.82526 0.508796 0.0182292 0.0694444
0 0.757292 0.485648 0.015625 0.0638889
0 0.436458 0.552778 0.0239583 0.0722222
