0 0.525781 0.330556 0.0140625 0.062963
0 0.61849 0.326389 0.0161458 0.0583333
0 0.376042 0.520833 0.0354167 0.0675926
0 0.61224 0.323611 0.0182292 0.0601852
0 0.520833 0.340741 0.01875 0.0722222
0 0.516667 0.353241 0.015625 0.0509259
0 0.64375 0.325926 0.0125 0.0555556
0 0.535417 0.527315 0.0135417 0.0694444
0 0.434896 0.404167 0.0114583 0.0509259
0 0.848177 0.297685 0.0109375 0.0490741
0 0.746615 0.360648 0.0119792 0.0583333
0 0.454948 0.447685 0.0171875 0.0564815
0 0.357031 0.5125 0.0161458 0.0638889
0 0.883594 0.42037 0.0151042 0.0611111
0 0.852865 0.524074 0.0203125 0.0685185
0 0.777344 0.50787 0.0161458 0.0638889
0 0.529427 0.441667 0.0140625 0.0574074
0 0.451302 0.574074 0.0182292 0.0722222
0 0.381771 0.530093 0.01875 0.0657407
