0 0.576823 0.408333 0.0182292 0.107407
0 0.640104 0.318519 0.0135417 0.0444444
0 0.573698 0.376852 0.0182292 0.0648148
0 0.535937 0.309722 0.0145833 0.0509259
0 0.193229 0.456944 0.0135417 0.062037
0 0.695312 0.326389 0.0135417 0.0601852
0 0.582552 0.435648 0.0182292 0.0601852
0 0.44401 0.54537 0.0192708 0.0666667
0 0.472917 0.390278 0.0135417 0.0509259
0 0.371875 0.546296 0.0208333 0.0592593
0 0.382031 0.44213 0.0192708 0.062037
0 0.253646 0.617593 0.0177083 0.0555556
0 0.929688 0.401389 0.015625 0.0564815
0 0.599479 0.528704 0.0177083 0.0685185
0 0.948438 0.545833 0.0208333 0.0694444
0 0.832552 0.489352 0.0161458 0.0657407
