0 0.794792 0.290741 0.0125 0.05
0 0.502865 0.295833 0.0130208 0.0453704
0 0.280729 0.555093 0.0208333 0.075
0 0.532031 0.309722 0.0130208 0.0527778
0 0.992448 0.419907 0.0151042 0.0583333
0 0.514063 0.362963 0.0166667 0.0481481
0 0.245573 0.438426 0.0151042 0.0564815
0 0.559375 0.309259 0.0114583 0.0574074
0 0.405729 0.381944 0.0125 0.0527778
0 0.641406 0.345833 0.0161458 0.0546296
0 0.354167 0.425463 0.0125 0.062037
0 0.286719 0.534259 0.0255208 0.116667
0 0.49401 0.421759 0.0151042 0.0564815
0 0.834375 0.400463 0.0166667 0.0564815
0 0.688281 0.333333 0.0119792 0.0537037
0 0.505208 0.506944 0.0166667 0.0657407
0 0.821875 0.509259 0.015625 0.0703704
0 0.754687 0.486111 0.0177083 0.0611111
0 0.432813 0.551389 0.021875 0.0675926
