0 0.0476562 0.518981 0.0151042 0.0824074
0 0.365104 0.448148 0.0166667 0.0351852
0 0.696615 0.337037 0.0213542 0.0703704
0 0.919792 0.309722 0.0135417 0.0527778
0 0.460938 0.409259 0.0114583 0.0518519
0 0.975781 0.44213 0.0140625 0.062037
0 0.56224 0.354167 0.0151042 0.0824074
0 0.505729 0.453241 0.0177083 0.0712963
0 0.820833 0.378241 0.015625 0.0601852
0 0.442708 0.514352 0.0177083 0.0675926
0 0.40599 0.518519 0.0140625 0.0648148
0 0.661198 0.335648 0.0109375 0.0583333
0 0.572135 0.459722 0.0119792 0.062037
0 0.934635 0.540278 0.0151042 0.0768519
0 0.839063 0.517593 0.0177083 0.0722222
0 0.582812 0.548611 0.0166667 0.0675926
0 0.499219 0.58287 0.0182292 0.0787037
