0 0.490625 0.352315 0.0166667 0.0435185
0 0.552604 0.306944 0.0135417 0.0583333
0 0.283854 0.504167 0.0197917 0.0675926
0 0.491667 0.302315 0.0104167 0.0435185
0 0.540365 0.312037 0.0140625 0.0555556
0 0.785677 0.289352 0.0119792 0.0527778
0 0.401042 0.387037 0.0114583 0.05
0 0.604167 0.336111 0.0177083 0.05
0 0.485417 0.421759 0.0145833 0.0546296
0 0.291146 0.547685 0.025 0.075
0 0.251302 0.443056 0.0140625 0.0564815
0 0.36875 0.427315 0.015625 0.0601852
0 0.4875 0.505093 0.0177083 0.0675926
0 0.798177 0.5 0.0151042 0.0685185
0 0.73776 0.488889 0.0192708 0.0574074
0 0.686198 0.337963 0.0109375 0.0537037
0 0.814844 0.4 0.0119792 0.0574074
0 0.406771 0.54537 0.0197917 0.0722222
