0 0.853906 0.282407 0.0140625 0.0685185
0 0.561458 0.290741 0.0104167 0.0444444
0 0.57474 0.362037 0.0161458 0.0481481
0 0.617448 0.310185 0.0140625 0.0518519
0 0.708854 0.348611 0.0145833 0.0509259
0 0.304167 0.432407 0.0177083 0.0555556
0 0.742448 0.330556 0.00989583 0.0555556
0 0.464323 0.377778 0.0119792 0.0537037
0 0.557031 0.418519 0.0151042 0.0555556
0 0.900521 0.399537 0.0114583 0.0546296
0 0.411458 0.424537 0.0135417 0.0694444
0 0.890104 0.502778 0.0135417 0.0703704
0 0.347656 0.528241 0.0244792 0.108333
0 0.81849 0.482407 0.0151042 0.0648148
0 0.572135 0.506944 0.0203125 0.0657407
0 0.497917 0.549537 0.0177083 0.0768519
