0 0.509375 0.352778 0.0135417 0.0462963
0 0.522656 0.327315 0.0119792 0.0601852
0 0.605208 0.325 0.0208333 0.0574074
0 0.432813 0.401852 0.0125 0.05
0 0.528385 0.52037 0.0130208 0.0611111
0 0.633594 0.326852 0.0130208 0.0518519
0 0.83724 0.296759 0.00989583 0.0472222
0 0.35 0.516204 0.0177083 0.0657407
0 0.523438 0.440741 0.0135417 0.0611111
0 0.445833 0.442593 0.0177083 0.062963
0 0.870052 0.418056 0.0151042 0.0564815
0 0.736198 0.359259 0.0119792 0.0574074
0 0.839063 0.52037 0.021875 0.0722222
0 0.767969 0.505556 0.0182292 0.062963
0 0.373437 0.531018 0.0166667 0.0694444
0 0.44375 0.571759 0.01875 0.075
