0 0.616667 0.325926 0.01875 0.0574074
0 0.611198 0.321296 0.0130208 0.0537037
0 0.625 0.330093 0.0145833 0.0527778
0 0.455469 0.428241 0.0244792 0.0601852
0 0.853125 0.299074 0.0114583 0.05
0 0.524219 0.343056 0.0192708 0.0712963
0 0.648698 0.329167 0.0119792 0.0546296
0 0.436979 0.406944 0.0145833 0.0527778
0 0.531771 0.441667 0.0145833 0.0574074
0 0.539323 0.528704 0.0161458 0.0685185
0 0.36224 0.5125 0.0161458 0.0675926
0 0.860156 0.525926 0.0171875 0.0703704
0 0.752604 0.362963 0.0104167 0.0592593
0 0.385156 0.527778 0.0171875 0.0722222
0 0.459115 0.446759 0.0161458 0.062037
0 0.891927 0.425463 0.0151042 0.0564815
0 0.782292 0.509259 0.015625 0.0648148
0 0.45625 0.575 0.0177083 0.0740741
