0 0.483073 0.311111 0.0109375 0.0444444
0 0.477865 0.356019 0.0161458 0.0509259
0 0.783854 0.294444 0.0125 0.0537037
0 0.247396 0.452315 0.0145833 0.0601852
0 0.545052 0.322685 0.0161458 0.0564815
0 0.39401 0.399074 0.0119792 0.0518519
0 0.590625 0.339815 0.0145833 0.0518519
0 0.275 0.518981 0.0208333 0.0564815
0 0.477865 0.434259 0.0130208 0.0537037
0 0.392448 0.56713 0.0182292 0.062037
0 0.298958 0.559722 0.0239583 0.0657407
0 0.683333 0.350463 0.0104167 0.0583333
0 0.36901 0.437037 0.0119792 0.0666667
0 0.73125 0.500926 0.0177083 0.0611111
0 0.479948 0.515278 0.0140625 0.0638889
0 0.788021 0.510648 0.01875 0.0657407
0 0.815885 0.409259 0.0119792 0.0574074
