0 0.809896 0.308333 0.0145833 0.05
0 0.270312 0.539352 0.0385417 0.0731481
0 0.520833 0.329167 0.0145833 0.0472222
0 0.505469 0.296296 0.00989583 0.0388889
0 0.519792 0.378241 0.0166667 0.0453704
0 0.255729 0.556944 0.0239583 0.0638889
0 0.513281 0.518056 0.0192708 0.0712963
0 0.657552 0.356019 0.0130208 0.0527778
0 0.28125 0.525463 0.0197917 0.0583333
0 0.502344 0.435185 0.0171875 0.0574074
0 0.403125 0.391667 0.0145833 0.0537037
0 0.84401 0.412037 0.0140625 0.0555556
0 0.227604 0.445833 0.0166667 0.0638889
0 0.980729 0.431944 0.015625 0.0638889
0 0.560938 0.327315 0.0104167 0.0564815
0 0.677604 0.334259 0.009375 0.0537037
0 0.338021 0.443981 0.0166667 0.0657407
0 0.755729 0.496759 0.01875 0.0657407
0 0.838542 0.527778 0.021875 0.0703704
0 0.403646 0.582407 0.0229167 0.0722222
