56 0.108073 0.495833 0.0255208 0.0675926
0 0.55599 0.298148 0.00885417 0.0388889
0 0.578646 0.357407 0.0125 0.0425926
0 0.533594 0.29213 0.00885417 0.0490741
0 0.710156 0.315741 0.0140625 0.0574074
0 0.866667 0.311111 0.0125 0.0444444
0 0.713802 0.334722 0.0192708 0.0787037
0 0.582552 0.421296 0.0151042 0.05
0 0.384896 0.428704 0.0229167 0.0555556
0 0.482292 0.377315 0.0125 0.0509259
0 0.638021 0.311574 0.0114583 0.0527778
0 0.260156 0.442593 0.0161458 0.062963
0 0.477604 0.540278 0.0177083 0.0657407
0 0.927344 0.40787 0.0130208 0.0527778
0 0.367188 0.509259 0.0197917 0.0611111
0 0.944792 0.52963 0.0197917 0.0685185
0 0.600781 0.512963 0.0192708 0.0703704
0 0.288802 0.56713 0.0234375 0.0564815
0 0.819531 0.486111 0.0192708 0.0592593
