56 0.0658854 0.49537 0.0265625 0.0611111
0 0.6375 0.317593 0.0145833 0.0444444
0 0.576302 0.4125 0.0182292 0.108333
0 0.573438 0.371759 0.0166667 0.0583333
0 0.194531 0.45463 0.0130208 0.0611111
0 0.696615 0.328241 0.0130208 0.0583333
0 0.369792 0.54537 0.0197917 0.0592593
0 0.579687 0.430556 0.01875 0.0574074
0 0.471354 0.39213 0.0135417 0.0490741
0 0.379427 0.440741 0.0192708 0.062963
0 0.442969 0.54213 0.0182292 0.0675926
0 0.928385 0.401852 0.0151042 0.0574074
0 0.947656 0.545833 0.0182292 0.0694444
0 0.597917 0.528241 0.01875 0.0675926
0 0.252083 0.61713 0.01875 0.0564815
0 0.83125 0.489352 0.015625 0.0638889
