0 0.288542 0.551852 0.0197917 0.0759259
0 0.297396 0.512037 0.01875 0.0722222
0 0.5375 0.308796 0.0145833 0.0490741
0 0.511979 0.294907 0.009375 0.0416667
0 0.65625 0.347685 0.0166667 0.0527778
0 0.523177 0.36713 0.0161458 0.0472222
0 0.803125 0.2875 0.0135417 0.0527778
0 0.567969 0.310185 0.0130208 0.0537037
0 0.252344 0.436574 0.0161458 0.0564815
0 0.4125 0.381944 0.0145833 0.0527778
0 0.69375 0.333333 0.0125 0.0555556
0 0.29349 0.535185 0.0223958 0.114815
0 0.503906 0.421296 0.0161458 0.0574074
0 0.359635 0.426852 0.0140625 0.0648148
0 0.845052 0.399074 0.0130208 0.0574074
0 0.515104 0.50787 0.0166667 0.0638889
0 0.763542 0.485648 0.015625 0.0675926
0 0.833073 0.506019 0.0151042 0.0712963
0 0.44375 0.552315 0.0208333 0.0712963
