0 0.540885 0.310648 0.0151042 0.0527778
0 0.257812 0.438889 0.0166667 0.0537037
0 0.515365 0.294444 0.00989583 0.0407407
0 0.807292 0.2875 0.0125 0.0527778
0 0.572135 0.309259 0.0130208 0.0537037
0 0.528646 0.365278 0.015625 0.0472222
0 0.417448 0.381019 0.0130208 0.0527778
0 0.508594 0.419907 0.0161458 0.0583333
0 0.661198 0.348148 0.0171875 0.0555556
0 0.364583 0.425463 0.0135417 0.062037
0 0.296875 0.534722 0.0291667 0.113889
0 0.838802 0.504167 0.0151042 0.0675926
0 0.448438 0.553704 0.0208333 0.0703704
0 0.697656 0.331481 0.0109375 0.0592593
0 0.76849 0.485648 0.0161458 0.0657407
0 0.851042 0.399537 0.0114583 0.0546296
0 0.521354 0.50787 0.01875 0.0657407
