56 0.0333333 0.515741 0.021875 0.0592593
0 0.575521 0.407407 0.0177083 0.109259
56 0.0664062 0.494444 0.0265625 0.0648148
0 0.657031 0.303704 0.0109375 0.05
0 0.572917 0.368519 0.0166667 0.0518519
0 0.635677 0.31713 0.0130208 0.0453704
0 0.195573 0.456019 0.0161458 0.0657407
0 0.367969 0.543981 0.0182292 0.0601852
0 0.697396 0.328241 0.0135417 0.0583333
0 0.578646 0.431019 0.0177083 0.0601852
0 0.470313 0.390741 0.0114583 0.0481481
0 0.442969 0.539352 0.0161458 0.0638889
0 0.927344 0.404167 0.0161458 0.0564815
0 0.596875 0.529167 0.0177083 0.0657407
0 0.377865 0.441204 0.0213542 0.0657407
0 0.946615 0.545833 0.0171875 0.0712963
0 0.250521 0.615278 0.0197917 0.0564815
0 0.829167 0.489352 0.0145833 0.0638889
