0 0.247396 0.324074 0.009375 0.0314815
0 0.377344 0.266204 0.00885417 0.0509259
0 0.552604 0.28287 0.009375 0.0435185
0 0.468229 0.252315 0.0125 0.0527778
0 0.384115 0.339352 0.00989583 0.0453704
0 0.445312 0.252315 0.009375 0.0361111
62 0.836979 0.650926 0.31875 0.646296
0 0.340625 0.331944 0.0114583 0.0490741
0 0.302083 0.370833 0.0104167 0.0472222
0 0.627865 0.39213 0.0109375 0.0527778
0 0.389844 0.394907 0.0109375 0.0453704
0 0.336719 0.418056 0.0109375 0.0509259
0 0.563802 0.376389 0.0109375 0.0509259
0 0.27474 0.374537 0.00989583 0.0509259
