56 0.0570313 0.497685 0.0255208 0.0731481
0 0.943229 0.314352 0.0125 0.0564815
0 0.334635 0.631019 0.0130208 0.0342593
0 0.698698 0.31713 0.0161458 0.0509259
0 0.476302 0.568519 0.0151042 0.0685185
0 0.450781 0.549537 0.0192708 0.0583333
0 0.222396 0.442593 0.015625 0.0666667
0 0.988542 0.549537 0.0197917 0.0675926
0 0.535677 0.389815 0.0140625 0.0555556
0 0.627083 0.385185 0.0114583 0.0518519
0 0.9625 0.381481 0.0135417 0.0537037
0 0.654167 0.425926 0.0197917 0.0518519
0 0.465625 0.447685 0.0197917 0.062037
0 0.904688 0.488426 0.01875 0.0601852
0 0.659635 0.531944 0.0192708 0.0675926
