0 0.502604 0.295833 0.0135417 0.0453704
0 0.794531 0.290278 0.0119792 0.0509259
0 0.280729 0.555093 0.0208333 0.075
0 0.532031 0.309722 0.0130208 0.0527778
0 0.992708 0.419907 0.0145833 0.0583333
0 0.513542 0.362963 0.0166667 0.0481481
0 0.245833 0.438426 0.0145833 0.0564815
0 0.558854 0.309259 0.0114583 0.0592593
0 0.405469 0.381481 0.0119792 0.0518519
0 0.354167 0.425463 0.0125 0.0638889
0 0.286719 0.534259 0.0255208 0.116667
0 0.688021 0.333333 0.0125 0.0537037
0 0.821615 0.508796 0.0151042 0.0694444
0 0.504948 0.506944 0.0171875 0.0657407
0 0.49375 0.421759 0.0145833 0.0564815
0 0.833854 0.4 0.0166667 0.0555556
0 0.640885 0.346296 0.0151042 0.0555556
0 0.754687 0.485648 0.0177083 0.062037
0 0.432552 0.551389 0.0223958 0.0675926
