0 0.0179687 0.52037 0.0223958 0.0777778
0 0.863802 0.293519 0.0119792 0.0444444
0 0.619271 0.308796 0.0239583 0.0527778
0 0.47474 0.388889 0.0109375 0.0407407
0 0.575 0.360185 0.0145833 0.0462963
0 0.317708 0.443519 0.0177083 0.0574074
0 0.567448 0.298148 0.0109375 0.0425926
0 0.609375 0.312037 0.0145833 0.05
0 0.430469 0.428704 0.0213542 0.0648148
0 0.695052 0.345833 0.0192708 0.0527778
0 0.561719 0.419907 0.0130208 0.0564815
0 0.900781 0.405556 0.0161458 0.0537037
0 0.626042 0.305556 0.0104167 0.0555556
0 0.357552 0.536111 0.0182292 0.12037
0 0.824219 0.493981 0.0203125 0.062037
0 0.494531 0.55 0.0234375 0.0703704
0 0.891667 0.513426 0.0135417 0.0694444
0 0.7625 0.339815 0.0125 0.0574074
0 0.56875 0.509259 0.0166667 0.062963
