0 0.507292 0.363889 0.015625 0.0407407
0 0.532552 0.309259 0.0119792 0.0574074
0 0.554948 0.306944 0.0119792 0.0490741
0 0.992708 0.418981 0.0145833 0.0638889
0 0.401823 0.3875 0.0119792 0.0472222
0 0.789844 0.286574 0.0151042 0.0564815
0 0.282552 0.508333 0.0171875 0.0703704
0 0.24349 0.444444 0.0171875 0.0611111
0 0.278906 0.560185 0.0203125 0.062963
0 0.628646 0.34537 0.021875 0.0555556
0 0.423438 0.543981 0.021875 0.0638889
0 0.488802 0.42037 0.0130208 0.0555556
0 0.355208 0.428241 0.015625 0.0694444
0 0.815104 0.50787 0.0197917 0.0657407
0 0.686458 0.335648 0.0125 0.0546296
0 0.826042 0.399537 0.0145833 0.0527778
0 0.748958 0.484722 0.015625 0.0638889
0 0.496615 0.507407 0.0171875 0.0666667
