0 0.653385 0.29213 0.0119792 0.037963
56 0.0455729 0.508796 0.0265625 0.0638889
0 0.590885 0.293981 0.0192708 0.0527778
0 0.93151 0.3125 0.0140625 0.0546296
0 0.320833 0.631944 0.0145833 0.0361111
0 0.686979 0.31713 0.0166667 0.0527778
0 0.975 0.547685 0.0208333 0.0731481
0 0.95 0.382407 0.0125 0.05
0 0.463021 0.569444 0.015625 0.0703704
0 0.523177 0.389815 0.0151042 0.0537037
0 0.43724 0.550926 0.0171875 0.062963
0 0.209115 0.444907 0.0151042 0.0638889
0 0.641406 0.425926 0.0192708 0.0518519
0 0.614583 0.385648 0.0114583 0.0527778
0 0.891667 0.489352 0.0197917 0.0601852
0 0.453385 0.448148 0.0192708 0.062963
0 0.646094 0.531018 0.0192708 0.0694444
