0 0.903385 0.316204 0.0161458 0.0490741
0 0.557552 0.303241 0.0119792 0.0472222
0 0.702344 0.306944 0.00989583 0.0453704
0 0.659375 0.313889 0.015625 0.05
0 0.60026 0.360648 0.0213542 0.0509259
0 0.958854 0.406019 0.0177083 0.0583333
0 0.251042 0.444907 0.0166667 0.0638889
0 0.503125 0.384722 0.0145833 0.0472222
0 0.406771 0.42963 0.01875 0.0537037
0 0.60625 0.428241 0.0239583 0.0509259
0 0.736979 0.334259 0.0135417 0.0555556
0 0.480208 0.531482 0.0197917 0.0574074
0 0.399479 0.529167 0.0229167 0.0638889
0 0.626562 0.523148 0.0302083 0.0666667
0 0.978125 0.538426 0.0208333 0.0694444
0 0.852604 0.488426 0.01875 0.0601852
0 0.291406 0.596296 0.0182292 0.0759259
