0 0.539583 0.294444 0.009375 0.0407407
0 0.564844 0.311111 0.0151042 0.0537037
0 0.829427 0.287963 0.0119792 0.0537037
0 0.283854 0.4375 0.0145833 0.0583333
0 0.552344 0.364815 0.0140625 0.0462963
0 0.594792 0.309259 0.0125 0.0537037
0 0.684896 0.348611 0.0166667 0.0546296
0 0.720312 0.331481 0.0114583 0.0555556
0 0.441927 0.380556 0.0140625 0.05
0 0.533333 0.419444 0.0166667 0.0574074
0 0.390104 0.425 0.0145833 0.0648148
0 0.326562 0.531944 0.025 0.106481
0 0.87474 0.397685 0.0119792 0.0564815
0 0.79401 0.486111 0.0161458 0.0648148
0 0.864323 0.50463 0.0151042 0.0685185
0 0.475781 0.549537 0.0203125 0.075
0 0.546875 0.506944 0.0177083 0.0657407
