0 0.638802 0.293981 0.0119792 0.0398148
56 0.053125 0.49213 0.025 0.0601852
0 0.665365 0.318056 0.0203125 0.0472222
0 0.601562 0.427778 0.0177083 0.0666667
0 0.903385 0.315278 0.0151042 0.0509259
0 0.279687 0.629167 0.0145833 0.0361111
0 0.559375 0.296759 0.0145833 0.0583333
0 0.658333 0.319907 0.0125 0.0490741
0 0.93099 0.384259 0.0140625 0.0555556
0 0.588281 0.380093 0.0171875 0.0509259
0 0.182552 0.450463 0.0140625 0.0675926
0 0.607031 0.428704 0.0171875 0.0537037
0 0.398438 0.55 0.0177083 0.0592593
0 0.951302 0.543981 0.0161458 0.075
0 0.490104 0.390278 0.0125 0.0527778
0 0.414323 0.449074 0.0265625 0.062963
0 0.442708 0.559259 0.0197917 0.0666667
0 0.855729 0.489815 0.0177083 0.0611111
0 0.615104 0.531482 0.0229167 0.0648148
