56 0.0679687 0.505093 0.0296875 0.0657407
0 0.467708 0.557407 0.0364583 0.0648148
56 0.0911458 0.487963 0.0260417 0.0703704
0 0.948438 0.312963 0.0114583 0.05
0 0.340625 0.63287 0.0135417 0.037963
0 0.99349 0.547222 0.0130208 0.0703704
0 0.703646 0.31713 0.0166667 0.0527778
0 0.632292 0.38287 0.0114583 0.0527778
0 0.482552 0.568056 0.0161458 0.0675926
0 0.455729 0.549074 0.01875 0.0574074
0 0.227604 0.442593 0.0177083 0.0666667
0 0.659115 0.426852 0.0192708 0.0537037
0 0.540104 0.389352 0.0145833 0.0527778
0 0.909635 0.487963 0.0182292 0.062963
0 0.967969 0.381944 0.0130208 0.0546296
0 0.471354 0.447222 0.0197917 0.0648148
0 0.664062 0.532407 0.01875 0.0666667
