0 0.559635 0.310648 0.0161458 0.0527778
0 0.825781 0.2875 0.0130208 0.0509259
0 0.590625 0.308333 0.0125 0.0537037
0 0.547396 0.365278 0.015625 0.0472222
0 0.277604 0.435648 0.0166667 0.0601852
0 0.679688 0.347222 0.015625 0.0518519
0 0.436458 0.381944 0.0145833 0.0527778
0 0.870052 0.399537 0.0130208 0.0564815
0 0.717188 0.33287 0.0114583 0.0583333
0 0.528646 0.419907 0.015625 0.0564815
0 0.321615 0.531018 0.0234375 0.110185
0 0.788802 0.485185 0.0161458 0.0666667
0 0.541667 0.50787 0.0177083 0.0638889
0 0.384896 0.426852 0.0135417 0.0685185
0 0.859115 0.506019 0.0161458 0.0731481
0 0.469792 0.55 0.01875 0.0722222
