0 0.994531 0.429167 0.0109375 0.037963
0 0.538802 0.308796 0.0140625 0.0509259
0 0.289583 0.552778 0.0197917 0.0740741
0 0.513021 0.29537 0.0104167 0.0425926
0 0.803646 0.287037 0.0135417 0.0537037
0 0.524479 0.366667 0.0145833 0.0462963
0 0.657812 0.348611 0.0166667 0.0546296
0 0.569271 0.310185 0.0125 0.0537037
0 0.414062 0.382407 0.0125 0.0518519
0 0.296354 0.529167 0.021875 0.106481
0 0.253906 0.437037 0.0171875 0.0592593
0 0.505208 0.421296 0.0166667 0.0574074
0 0.846875 0.398148 0.0114583 0.0574074
0 0.694531 0.333333 0.0119792 0.0574074
0 0.360677 0.427315 0.0130208 0.0638889
0 0.764583 0.484259 0.0145833 0.0666667
0 0.835156 0.505093 0.0171875 0.0694444
0 0.516927 0.509259 0.0171875 0.0648148
0 0.444792 0.551852 0.0197917 0.0722222
