0 0.31849 0.521296 0.0369792 0.0685185
0 0.0416667 0.49213 0.015625 0.0546296
0 0.540365 0.237963 0.0130208 0.0444444
0 0.490625 0.459722 0.015625 0.113889
0 0.802344 0.3 0.0130208 0.05
0 0.476562 0.356944 0.0145833 0.0453704
0 0.492708 0.52037 0.0135417 0.0648148
0 0.490625 0.321296 0.0125 0.0407407
0 0.833594 0.419444 0.0140625 0.0537037
0 0.59974 0.331944 0.0151042 0.0509259
0 0.489844 0.439352 0.0130208 0.0583333
0 0.30651 0.513889 0.0151042 0.0648148
0 0.56901 0.330093 0.0182292 0.0601852
0 0.403125 0.428241 0.0166667 0.0990741
0 0.800521 0.521759 0.01875 0.0694444
0 0.701302 0.357407 0.0119792 0.0574074
0 0.332031 0.54213 0.0203125 0.0712963
0 0.735677 0.507407 0.0161458 0.0666667
0 0.404948 0.576389 0.0171875 0.0694444
