0 0.792188 0.298148 0.0114583 0.0537037
0 0.495573 0.301389 0.0109375 0.0435185
0 0.518229 0.318981 0.0135417 0.0490741
0 0.48776 0.431019 0.0151042 0.0546296
0 0.275781 0.525926 0.0192708 0.0703704
0 0.509896 0.375926 0.0166667 0.0481481
0 0.552083 0.322685 0.0125 0.0546296
0 0.227604 0.446759 0.015625 0.0564815
0 0.677344 0.339352 0.00989583 0.0527778
0 0.645312 0.359259 0.0145833 0.0537037
0 0.267969 0.551389 0.0223958 0.0935185
0 0.984635 0.429167 0.0213542 0.0601852
0 0.835938 0.409722 0.0125 0.0601852
0 0.336458 0.440741 0.0145833 0.0685185
0 0.391667 0.393056 0.0104167 0.0546296
0 0.501042 0.523148 0.021875 0.0666667
0 0.419792 0.571296 0.0177083 0.0777778
0 0.822656 0.516667 0.0151042 0.0740741
0 0.751042 0.493056 0.0145833 0.0712963
