38 0.303906 0.536111 0.0203125 0.0962963
32 0.491406 0.388889 0.00677083 0.0166667
0 0.815625 0.287963 0.0104167 0.0537037
0 0.536198 0.364815 0.0151042 0.0481481
0 0.580469 0.309722 0.0130208 0.0546296
0 0.426042 0.381944 0.0125 0.0509259
0 0.670052 0.348148 0.0171875 0.0518519
0 0.266406 0.436111 0.0182292 0.0592593
0 0.70651 0.33287 0.0119792 0.0564815
0 0.859115 0.399074 0.0119792 0.0555556
0 0.517187 0.421296 0.0166667 0.0574074
0 0.777083 0.484259 0.0166667 0.0648148
0 0.308073 0.533796 0.0255208 0.115741
0 0.53151 0.507407 0.0171875 0.0666667
0 0.373177 0.426389 0.0140625 0.0638889
0 0.848437 0.505093 0.0177083 0.0694444
0 0.458073 0.552315 0.0182292 0.0731481
