0 0.364062 0.448148 0.0166667 0.0333333
0 0.69401 0.334259 0.0286458 0.062963
0 0.701563 0.330093 0.0135417 0.0657407
0 0.91875 0.310648 0.0135417 0.0527778
0 0.971615 0.441667 0.0182292 0.0592593
0 0.466927 0.414352 0.0119792 0.0583333
0 0.573958 0.456481 0.0135417 0.062963
0 0.564583 0.353241 0.0135417 0.0768519
0 0.439844 0.517593 0.0130208 0.0685185
0 0.405729 0.519907 0.0145833 0.0638889
0 0.58724 0.544907 0.0140625 0.0694444
0 0.661198 0.331481 0.0119792 0.0611111
0 0.505469 0.452315 0.0171875 0.0731481
0 0.838542 0.522222 0.0177083 0.0685185
0 0.93151 0.539352 0.0151042 0.0712963
0 0.816667 0.377778 0.0197917 0.0611111
0 0.498958 0.583333 0.01875 0.0796296
