0 0.636979 0.251389 0.0166667 0.062037
0 0.686458 0.288426 0.0114583 0.0509259
56 0.108073 0.485185 0.0255208 0.0666667
0 0.951823 0.31713 0.0161458 0.0490741
0 0.607813 0.294907 0.015625 0.0583333
0 0.705469 0.317593 0.0109375 0.0481481
0 0.338021 0.626852 0.0166667 0.0407407
0 0.721094 0.318056 0.0119792 0.0490741
0 0.980729 0.390741 0.0135417 0.05
0 0.63724 0.378241 0.0151042 0.0509259
0 0.657552 0.427778 0.0161458 0.0537037
0 0.236458 0.449074 0.0145833 0.0685185
0 0.539844 0.3875 0.0130208 0.0527778
0 0.452344 0.547222 0.0203125 0.0611111
0 0.465625 0.445833 0.0260417 0.0638889
0 0.907552 0.490278 0.0161458 0.0601852
0 0.496094 0.556944 0.0192708 0.0694444
0 0.66849 0.529167 0.0244792 0.0712963
