0 0.579167 0.3125 0.0125 0.0435185
0 0.569271 0.353241 0.015625 0.0453704
0 0.578125 0.509722 0.0145833 0.0972222
0 0.889323 0.295833 0.0119792 0.0527778
0 0.647135 0.319907 0.0171875 0.0564815
0 0.576823 0.434722 0.0151042 0.0564815
0 0.58151 0.51713 0.0151042 0.0638889
0 0.897135 0.523611 0.0151042 0.0712963
0 0.492188 0.396759 0.0125 0.0527778
0 0.474219 0.436111 0.0109375 0.0685185
0 0.493229 0.569907 0.0177083 0.0675926
0 0.378646 0.513889 0.01875 0.062963
0 0.788802 0.355093 0.0119792 0.0546296
0 0.689323 0.334259 0.0130208 0.0574074
0 0.928385 0.418056 0.0140625 0.0601852
0 0.347656 0.444444 0.0182292 0.0685185
0 0.83776 0.510185 0.0213542 0.0648148
0 0.407031 0.552315 0.0223958 0.0712963
