0 0.107813 0.436574 0.0239583 0.0842593
0 0.992969 0.42037 0.0140625 0.0592593
0 0.532292 0.310648 0.0125 0.0564815
0 0.55625 0.306944 0.0125 0.0509259
0 0.244271 0.440278 0.0135417 0.0527778
0 0.509635 0.363426 0.0161458 0.0453704
0 0.632812 0.346296 0.0166667 0.0555556
0 0.402344 0.388889 0.0109375 0.05
0 0.791146 0.288889 0.0145833 0.0537037
0 0.284375 0.506481 0.0166667 0.0666667
0 0.279167 0.561574 0.0197917 0.0601852
0 0.49974 0.507407 0.0192708 0.0685185
0 0.354167 0.425463 0.0145833 0.0657407
0 0.428646 0.548611 0.0239583 0.0601852
0 0.829687 0.4 0.0145833 0.0537037
0 0.686719 0.336111 0.0130208 0.0537037
0 0.817448 0.508796 0.0161458 0.0675926
0 0.490365 0.420833 0.0130208 0.0564815
0 0.751302 0.484259 0.0171875 0.062963
