56 0.0971354 0.495833 0.0255208 0.0657407
0 0.698698 0.309259 0.0109375 0.05
0 0.577083 0.306019 0.0145833 0.0453704
0 0.923437 0.315278 0.0177083 0.0564815
56 0.120573 0.483333 0.0244792 0.0703704
0 0.621354 0.398148 0.0239583 0.1
0 0.680469 0.316204 0.0182292 0.0453704
0 0.626302 0.425463 0.0171875 0.0583333
0 0.971094 0.401852 0.0161458 0.0574074
0 0.741146 0.326852 0.0135417 0.0574074
0 0.992708 0.542593 0.0145833 0.0722222
0 0.647135 0.524537 0.0203125 0.0657407
0 0.246094 0.447222 0.0151042 0.0648148
0 0.517448 0.388889 0.0140625 0.0481481
0 0.419792 0.537037 0.0177083 0.0592593
0 0.49349 0.535185 0.0171875 0.062963
0 0.428385 0.437963 0.0255208 0.062963
0 0.876302 0.487037 0.0151042 0.062963
0 0.307292 0.613426 0.0229167 0.0712963
