0 0.247656 0.325 0.00885417 0.0277778
0 0.467969 0.252315 0.0130208 0.0527778
0 0.377344 0.265278 0.00989583 0.0509259
0 0.383854 0.337963 0.009375 0.0444444
0 0.445312 0.251389 0.009375 0.0361111
0 0.552604 0.281944 0.009375 0.0435185
62 0.827344 0.659722 0.334896 0.606481
0 0.340885 0.331944 0.0119792 0.0490741
0 0.302083 0.37037 0.0104167 0.0481481
0 0.627865 0.391204 0.00989583 0.0527778
0 0.389323 0.394444 0.0109375 0.0481481
0 0.336719 0.41713 0.0109375 0.0509259
0 0.564323 0.376389 0.0109375 0.0509259
0 0.27526 0.374074 0.00989583 0.05
