0 0.290365 0.431019 0.0171875 0.0583333
0 0.497917 0.350926 0.0135417 0.0425926
0 0.510417 0.314815 0.0125 0.0481481
0 0.814062 0.294444 0.0125 0.05
0 0.421094 0.423148 0.0171875 0.0981481
0 0.583594 0.319444 0.0161458 0.0611111
0 0.615625 0.325463 0.0145833 0.0527778
0 0.509115 0.430093 0.0161458 0.0564815
0 0.848437 0.409259 0.0145833 0.0537037
0 0.755729 0.494444 0.015625 0.062963
0 0.427344 0.565741 0.0161458 0.0759259
0 0.327344 0.505556 0.0140625 0.0648148
0 0.51224 0.514352 0.0161458 0.0675926
0 0.715885 0.350926 0.0130208 0.0555556
0 0.353125 0.53287 0.01875 0.0694444
0 0.817187 0.507407 0.015625 0.0685185
