0 0.539844 0.37037 0.0109375 0.0537037
0 0.671875 0.343981 0.0166667 0.0768519
0 0.521354 0.305556 0.0135417 0.0537037
0 0.494531 0.299074 0.00989583 0.0425926
0 0.532292 0.436574 0.0177083 0.0583333
0 0.668229 0.362963 0.0177083 0.05
0 0.822135 0.305093 0.0130208 0.0657407
0 0.677344 0.322685 0.0119792 0.0509259
0 0.432813 0.391204 0.0135417 0.0546296
0 0.217708 0.450463 0.0177083 0.0657407
0 0.590104 0.326389 0.0114583 0.0546296
0 0.344792 0.44537 0.01875 0.0574074
0 0.297917 0.521296 0.0145833 0.0537037
0 0.880469 0.417593 0.0161458 0.0537037
0 0.227865 0.566204 0.0255208 0.062037
0 0.773438 0.498148 0.0177083 0.0648148
0 0.548958 0.527315 0.0145833 0.0638889
0 0.420052 0.564815 0.0192708 0.0759259
0 0.886458 0.537963 0.03125 0.0666667
