0 0.00651042 0.5125 0.0119792 0.0712963
0 0.635417 0.290278 0.0125 0.0453704
0 0.298958 0.631481 0.0125 0.0333333
0 0.914062 0.3125 0.0166667 0.0546296
0 0.669271 0.318981 0.015625 0.0509259
0 0.189063 0.443981 0.01875 0.0675926
0 0.596875 0.38287 0.0125 0.0546296
0 0.622656 0.428241 0.0203125 0.0527778
0 0.957292 0.545833 0.015625 0.0731481
0 0.504427 0.388426 0.0151042 0.0546296
0 0.93151 0.380093 0.0140625 0.0546296
0 0.44401 0.569444 0.0192708 0.0666667
0 0.416406 0.550926 0.0182292 0.0611111
0 0.871354 0.488889 0.0197917 0.062963
0 0.626562 0.531944 0.0197917 0.0675926
0 0.433594 0.448611 0.0203125 0.0675926
