56 0.0541667 0.493056 0.0260417 0.0601852
0 0.434115 0.566667 0.0411458 0.0685185
0 0.300781 0.633333 0.0130208 0.0351852
0 0.916146 0.312037 0.0166667 0.0518519
0 0.635938 0.288889 0.0114583 0.0462963
0 0.670052 0.317593 0.0151042 0.0518519
0 0.50625 0.390741 0.015625 0.0518519
0 0.597917 0.383333 0.0135417 0.0537037
0 0.623438 0.426852 0.0197917 0.0518519
0 0.190365 0.44537 0.0171875 0.0666667
0 0.932031 0.380556 0.0130208 0.0537037
0 0.444531 0.57037 0.0182292 0.0666667
0 0.957812 0.547222 0.01875 0.0722222
0 0.417708 0.551389 0.0177083 0.0601852
0 0.872135 0.488889 0.0203125 0.062963
0 0.434896 0.448148 0.0197917 0.0666667
0 0.627865 0.531944 0.0192708 0.0657407
