0 0.540104 0.368056 0.0104167 0.0453704
0 0.493229 0.301852 0.0104167 0.0425926
0 0.675781 0.32963 0.0140625 0.0685185
0 0.522656 0.305093 0.0151042 0.0564815
0 0.821615 0.303241 0.0130208 0.0694444
0 0.671875 0.34537 0.01875 0.0851852
0 0.535417 0.435648 0.0145833 0.0638889
0 0.591146 0.324537 0.0104167 0.0527778
0 0.301562 0.520833 0.0177083 0.0546296
0 0.216927 0.452315 0.0161458 0.0657407
0 0.422656 0.563889 0.0192708 0.0685185
0 0.34375 0.444907 0.0208333 0.0564815
0 0.435156 0.390278 0.0140625 0.0546296
0 0.226302 0.568056 0.0244792 0.0638889
0 0.77474 0.496759 0.0203125 0.0657407
0 0.882812 0.416204 0.0177083 0.0564815
0 0.552344 0.525926 0.0140625 0.0648148
0 0.890625 0.538889 0.0333333 0.0703704
