0 0.520573 0.309722 0.0130208 0.0453704
0 0.66276 0.308796 0.00989583 0.0453704
0 0.621615 0.318981 0.0140625 0.0509259
0 0.561458 0.36713 0.0166667 0.062037
0 0.866667 0.313889 0.015625 0.0666667
0 0.564062 0.435185 0.0208333 0.0537037
0 0.202604 0.456019 0.0145833 0.0638889
0 0.46224 0.391667 0.0192708 0.05
0 0.921094 0.410648 0.0161458 0.0546296
0 0.363542 0.440741 0.0177083 0.0592593
0 0.697396 0.3375 0.0135417 0.0564815
0 0.439323 0.540741 0.0192708 0.0555556
0 0.938802 0.54537 0.0192708 0.0703704
0 0.242448 0.608796 0.0171875 0.0712963
0 0.585156 0.528241 0.0265625 0.0694444
0 0.814583 0.492593 0.0145833 0.0611111
0 0.354427 0.539352 0.0244792 0.0638889
