56 0.0770833 0.497685 0.0291667 0.0638889
0 0.553385 0.368519 0.0192708 0.0555556
0 0.51276 0.309722 0.0119792 0.0435185
0 0.615365 0.321759 0.0119792 0.0509259
0 0.665885 0.3125 0.0119792 0.0509259
0 0.45599 0.387963 0.0130208 0.0518519
0 0.206771 0.45463 0.0166667 0.0611111
0 0.69401 0.345833 0.0140625 0.0527778
0 0.356771 0.435648 0.0177083 0.0564815
0 0.913802 0.415741 0.0140625 0.0555556
0 0.556771 0.436574 0.0166667 0.0564815
0 0.932292 0.543981 0.0229167 0.0694444
0 0.571615 0.531018 0.0182292 0.0638889
0 0.432292 0.541204 0.01875 0.0601852
0 0.804688 0.495833 0.0208333 0.0583333
0 0.34349 0.534722 0.0171875 0.0583333
0 0.239063 0.600926 0.0166667 0.0703704
