0 0.658073 0.332407 0.0161458 0.0703704
0 0.407292 0.40787 0.0135417 0.0527778
0 0.648177 0.339352 0.0151042 0.0564815
0 0.516406 0.361111 0.0171875 0.0740741
0 0.335156 0.436111 0.0161458 0.0648148
0 0.878385 0.315278 0.0130208 0.0527778
0 0.782031 0.381481 0.0119792 0.0574074
0 0.930469 0.442593 0.0130208 0.0574074
0 0.469531 0.450926 0.0161458 0.0703704
0 0.528385 0.463889 0.0130208 0.062963
0 0.370313 0.517593 0.0145833 0.0685185
0 0.526563 0.548148 0.015625 0.0703704
0 0.419792 0.499537 0.0166667 0.0712963
0 0.623698 0.334722 0.0119792 0.062037
0 0.88776 0.536574 0.0151042 0.0694444
0 0.465104 0.577315 0.0166667 0.0731481
0 0.79401 0.513426 0.0182292 0.0694444
