0 0.503125 0.295833 0.0125 0.0435185
0 0.795313 0.293056 0.0104167 0.0472222
0 0.280729 0.553704 0.021875 0.0777778
0 0.532292 0.309722 0.0135417 0.0527778
0 0.992188 0.419444 0.015625 0.0592593
0 0.246094 0.439815 0.0171875 0.0574074
0 0.514844 0.364815 0.0161458 0.0481481
0 0.405729 0.38287 0.0125 0.0546296
0 0.560156 0.308333 0.0109375 0.0574074
0 0.642448 0.346296 0.0171875 0.0537037
0 0.286458 0.534722 0.0260417 0.115741
0 0.354427 0.425926 0.0119792 0.0611111
0 0.834375 0.4 0.015625 0.0574074
0 0.505729 0.507407 0.0166667 0.0666667
0 0.494531 0.421759 0.0151042 0.0564815
0 0.822396 0.509259 0.015625 0.0703704
0 0.688542 0.333796 0.0125 0.0546296
0 0.755208 0.486574 0.0177083 0.062037
0 0.433854 0.551389 0.021875 0.0694444
