0 0.675521 0.326852 0.0125 0.0648148
0 0.669792 0.328704 0.0177083 0.062963
0 0.661719 0.338889 0.0182292 0.05
0 0.886979 0.305556 0.0145833 0.0611111
0 0.445052 0.414815 0.0119792 0.0611111
0 0.635156 0.326852 0.0109375 0.0611111
0 0.936979 0.437037 0.0177083 0.0574074
0 0.415365 0.516204 0.0119792 0.0694444
0 0.482292 0.451852 0.0177083 0.0703704
0 0.7875 0.373148 0.01875 0.0592593
0 0.55 0.452778 0.0135417 0.0574074
0 0.383854 0.51713 0.0166667 0.0675926
0 0.540625 0.348611 0.0135417 0.0768519
0 0.56224 0.536574 0.0140625 0.0675926
0 0.896354 0.534259 0.0166667 0.0722222
0 0.809375 0.515741 0.0166667 0.0685185
0 0.475781 0.578704 0.0182292 0.0722222
