0 0.507812 0.364352 0.0145833 0.0435185
0 0.532292 0.309722 0.0125 0.0564815
0 0.992708 0.419444 0.0145833 0.062963
0 0.554948 0.306944 0.0119792 0.0490741
0 0.402083 0.387963 0.0125 0.0481481
0 0.28151 0.527778 0.0182292 0.111111
0 0.790104 0.287037 0.0135417 0.0555556
0 0.242969 0.443981 0.0171875 0.0601852
0 0.278646 0.559259 0.01875 0.062963
0 0.628646 0.346296 0.0208333 0.0537037
0 0.423958 0.543519 0.0177083 0.0611111
0 0.489062 0.419907 0.0135417 0.0546296
0 0.355208 0.425463 0.0145833 0.0638889
0 0.815885 0.507407 0.0182292 0.0648148
0 0.686458 0.335648 0.0125 0.0546296
0 0.826302 0.4 0.0140625 0.0537037
0 0.748958 0.484722 0.0166667 0.0638889
0 0.497135 0.50787 0.0171875 0.0675926
