0 0.290625 0.428704 0.0177083 0.0592593
0 0.498177 0.351389 0.0140625 0.0435185
0 0.511458 0.314352 0.0125 0.0472222
0 0.815625 0.295833 0.0135417 0.0509259
0 0.584635 0.319444 0.0161458 0.062963
0 0.617188 0.325463 0.0145833 0.0509259
0 0.510417 0.430556 0.015625 0.0555556
0 0.849479 0.410185 0.0135417 0.0537037
0 0.328646 0.505556 0.0145833 0.0648148
0 0.75599 0.496759 0.0182292 0.0638889
0 0.428646 0.566204 0.015625 0.075
0 0.423698 0.418519 0.0182292 0.1
0 0.515365 0.514352 0.0151042 0.0657407
0 0.716667 0.351389 0.0135417 0.0564815
0 0.354427 0.53287 0.0182292 0.0675926
0 0.818229 0.510185 0.015625 0.0685185
