0 0.697135 0.325463 0.0119792 0.062037
0 0.691667 0.335648 0.015625 0.0675926
0 0.43724 0.4125 0.0140625 0.0583333
0 0.684896 0.346759 0.0166667 0.0583333
0 0.548177 0.357407 0.0161458 0.0777778
0 0.501562 0.450926 0.015625 0.0685185
0 0.364844 0.431019 0.0171875 0.0657407
0 0.561198 0.465278 0.0151042 0.0657407
0 0.971094 0.444907 0.0151042 0.0657407
0 0.658854 0.333796 0.0125 0.062037
0 0.452865 0.496759 0.0161458 0.0694444
0 0.400521 0.517593 0.0177083 0.0685185
0 0.91849 0.315278 0.0151042 0.0546296
0 0.820573 0.383333 0.0119792 0.0555556
0 0.558594 0.551852 0.0161458 0.0777778
0 0.927865 0.539352 0.0119792 0.0731481
0 0.831771 0.51713 0.0177083 0.0731481
0 0.496615 0.578241 0.0192708 0.0712963
