0 0.499219 0.299074 0.0109375 0.0425926
0 0.802865 0.302778 0.0140625 0.0574074
0 0.271094 0.536111 0.0203125 0.0814815
0 0.513542 0.373611 0.0177083 0.0490741
0 0.494792 0.435185 0.0197917 0.0574074
0 0.553906 0.326852 0.0119792 0.0555556
0 0.264583 0.565278 0.015625 0.0694444
0 0.979948 0.428704 0.0151042 0.0666667
0 0.652083 0.358333 0.0125 0.05
0 0.278646 0.520833 0.021875 0.0601852
0 0.226562 0.445833 0.0166667 0.0638889
0 0.50599 0.522685 0.0161458 0.0657407
0 0.39401 0.39213 0.0109375 0.0527778
0 0.336719 0.44213 0.0140625 0.0657407
0 0.839844 0.414352 0.0109375 0.0564815
0 0.677083 0.336574 0.009375 0.0564815
0 0.829948 0.524074 0.0171875 0.0685185
0 0.410937 0.581481 0.025 0.0740741
0 0.752083 0.493981 0.0145833 0.0712963
