0 0.554688 0.309259 0.0145833 0.0518519
0 0.819792 0.2875 0.0114583 0.0546296
0 0.585156 0.308796 0.0130208 0.0546296
0 0.271354 0.437037 0.015625 0.0592593
0 0.430729 0.380556 0.0145833 0.0518519
0 0.541927 0.363889 0.0161458 0.0481481
0 0.67474 0.348611 0.0161458 0.0527778
0 0.522656 0.42037 0.0161458 0.0574074
0 0.313281 0.533796 0.0234375 0.108333
0 0.378385 0.425463 0.0140625 0.0657407
0 0.535677 0.50787 0.0182292 0.0675926
0 0.710677 0.331944 0.0109375 0.0583333
0 0.853385 0.505093 0.0161458 0.0694444
0 0.782292 0.484722 0.015625 0.0638889
0 0.864062 0.4 0.0114583 0.0574074
0 0.463542 0.550926 0.0197917 0.0740741
