0 0.490104 0.302315 0.0104167 0.0435185
0 0.486458 0.348611 0.0177083 0.0472222
0 0.785156 0.286111 0.0119792 0.0555556
0 0.255729 0.440741 0.01875 0.0574074
0 0.548958 0.310648 0.0208333 0.0601852
0 0.284896 0.506944 0.0177083 0.062037
0 0.597917 0.331944 0.0135417 0.0564815
0 0.48724 0.505093 0.0130208 0.0657407
0 0.401302 0.390278 0.0109375 0.0546296
0 0.484375 0.422685 0.0125 0.0564815
0 0.79375 0.499537 0.0166667 0.0712963
0 0.373698 0.425926 0.0140625 0.062963
0 0.735156 0.488426 0.0182292 0.0601852
0 0.303646 0.545833 0.025 0.0675926
0 0.816146 0.399537 0.0125 0.0583333
0 0.686719 0.338889 0.0109375 0.0555556
0 0.404687 0.549074 0.021875 0.0722222
