0 0.490365 0.301389 0.00989583 0.0416667
0 0.486458 0.348611 0.0177083 0.0472222
0 0.25625 0.440278 0.01875 0.0583333
0 0.785677 0.2875 0.0130208 0.0546296
0 0.549219 0.311111 0.0203125 0.0592593
0 0.597656 0.331944 0.0140625 0.0564815
0 0.401302 0.388426 0.0109375 0.0509259
0 0.285156 0.507407 0.0182292 0.0611111
0 0.48724 0.505556 0.0130208 0.0666667
0 0.484375 0.423148 0.0125 0.0555556
0 0.373958 0.424537 0.0145833 0.062037
0 0.79401 0.498148 0.0171875 0.0722222
0 0.735417 0.488426 0.0177083 0.0601852
0 0.305208 0.546759 0.0239583 0.0675926
0 0.686979 0.339352 0.0114583 0.0546296
0 0.404427 0.547685 0.0223958 0.075
0 0.816406 0.399537 0.0119792 0.0583333
