0 0.504167 0.29537 0.0125 0.0425926
0 0.532552 0.309259 0.0140625 0.0555556
0 0.992188 0.418519 0.015625 0.0592593
0 0.40651 0.381944 0.0130208 0.0509259
0 0.245833 0.439815 0.0166667 0.0574074
0 0.645833 0.346759 0.0177083 0.0564815
0 0.561719 0.309259 0.0119792 0.0555556
0 0.515885 0.364352 0.0171875 0.0490741
0 0.495573 0.420833 0.0140625 0.0564815
0 0.286198 0.536111 0.0286458 0.114815
0 0.836979 0.4 0.0145833 0.0574074
0 0.507292 0.506944 0.0166667 0.0675926
0 0.354688 0.426389 0.0135417 0.062037
0 0.689583 0.333796 0.0104167 0.0564815
0 0.824479 0.508333 0.0177083 0.0703704
0 0.757292 0.485648 0.015625 0.0638889
0 0.436198 0.552315 0.0234375 0.0712963
