0 0.516667 0.355556 0.0135417 0.0481481
0 0.371354 0.518981 0.0354167 0.0712963
0 0.610417 0.322685 0.0135417 0.0583333
0 0.621875 0.328704 0.0135417 0.0555556
0 0.522135 0.343981 0.0192708 0.0675926
0 0.850521 0.298148 0.0104167 0.0481481
0 0.645833 0.326852 0.0125 0.0537037
0 0.436458 0.406019 0.0125 0.0527778
0 0.536979 0.528704 0.0145833 0.0703704
0 0.53099 0.441667 0.0151042 0.0574074
0 0.888281 0.422685 0.0161458 0.0583333
0 0.359375 0.512963 0.0166667 0.0666667
0 0.749479 0.363426 0.0145833 0.0601852
0 0.85651 0.524074 0.0171875 0.0703704
0 0.45651 0.446759 0.0171875 0.062037
0 0.780208 0.509259 0.0177083 0.0648148
0 0.383594 0.52963 0.0182292 0.0685185
0 0.454688 0.573611 0.01875 0.0731481
