0 0.641406 0.31713 0.0119792 0.0472222
0 0.575521 0.372222 0.0145833 0.0537037
0 0.884896 0.312037 0.015625 0.0648148
0 0.69401 0.323148 0.0119792 0.0537037
0 0.536979 0.312037 0.0125 0.05
0 0.191667 0.453704 0.0166667 0.0648148
0 0.586198 0.436574 0.0203125 0.062037
0 0.373177 0.547222 0.0234375 0.0574074
0 0.25599 0.618519 0.0171875 0.0555556
0 0.474219 0.388426 0.0119792 0.0490741
0 0.948438 0.546296 0.0208333 0.0703704
0 0.602083 0.529167 0.0177083 0.0675926
0 0.444271 0.548148 0.0208333 0.0666667
0 0.383333 0.442593 0.0177083 0.0611111
0 0.930208 0.4 0.0166667 0.0574074
0 0.834635 0.490741 0.0161458 0.0666667
