0 0.508073 0.297222 0.0078125 0.037037
0 0.666146 0.346296 0.021875 0.0574074
0 0.522396 0.313426 0.0135417 0.0490741
0 0.53099 0.378241 0.0192708 0.0453704
0 0.817708 0.307407 0.0125 0.0555556
0 0.993229 0.431944 0.0135417 0.062037
0 0.573958 0.327315 0.009375 0.0564815
0 0.513802 0.435648 0.0130208 0.062037
0 0.226042 0.446296 0.0177083 0.0648148
0 0.678646 0.331481 0.0104167 0.0555556
0 0.525521 0.523611 0.0166667 0.0675926
0 0.852865 0.413889 0.0140625 0.0537037
0 0.289844 0.523148 0.0151042 0.0518519
0 0.413542 0.393519 0.0104167 0.0537037
0 0.760417 0.49537 0.0177083 0.0648148
0 0.403906 0.579167 0.0182292 0.0712963
0 0.660417 0.353241 0.0125 0.0564815
0 0.240625 0.560185 0.0208333 0.0648148
0 0.851302 0.531018 0.0182292 0.0675926
0 0.341406 0.444444 0.0161458 0.0611111
