0 0.795313 0.292593 0.0104167 0.0462963
0 0.502865 0.295833 0.0130208 0.0453704
0 0.280729 0.554167 0.0208333 0.0768519
0 0.532292 0.309722 0.0135417 0.0527778
0 0.992448 0.419444 0.0151042 0.0592593
0 0.514323 0.363426 0.0171875 0.0472222
0 0.246094 0.439815 0.0171875 0.0574074
0 0.405729 0.382407 0.0125 0.0537037
0 0.559635 0.308333 0.0109375 0.0574074
0 0.641667 0.346296 0.0166667 0.0537037
0 0.286458 0.534722 0.0260417 0.115741
0 0.354167 0.425463 0.0125 0.062037
0 0.494271 0.421759 0.0145833 0.0564815
0 0.505469 0.506944 0.0171875 0.0657407
0 0.834375 0.4 0.0166667 0.0574074
0 0.821875 0.509259 0.015625 0.0703704
0 0.688281 0.333796 0.0119792 0.0546296
0 0.754948 0.486111 0.0182292 0.0611111
0 0.433333 0.550926 0.021875 0.0685185
