0 0.648698 0.330093 0.0192708 0.0583333
0 0.886979 0.301852 0.0114583 0.05
0 0.677865 0.330556 0.0161458 0.0537037
0 0.565104 0.325 0.0104167 0.0425926
0 0.55 0.360185 0.0135417 0.0407407
0 0.569271 0.527778 0.0166667 0.0685185
0 0.383594 0.517593 0.0182292 0.0574074
0 0.478646 0.431019 0.0197917 0.0953704
0 0.783333 0.361111 0.0125 0.0555556
0 0.409896 0.54213 0.0177083 0.0712963
0 0.565625 0.444907 0.0125 0.0546296
0 0.921094 0.426389 0.0151042 0.0564815
0 0.890104 0.531482 0.01875 0.0703704
0 0.818229 0.514815 0.0166667 0.0685185
0 0.483073 0.581019 0.0182292 0.0731481
