0 0.483594 0.311574 0.0119792 0.0509259
0 0.534115 0.31713 0.0171875 0.0546296
0 0.483073 0.361111 0.0171875 0.05
0 0.546875 0.312963 0.0114583 0.0555556
0 0.271615 0.516667 0.0213542 0.0611111
0 0.783333 0.293981 0.0135417 0.0546296
0 0.598177 0.344907 0.0192708 0.0527778
0 0.28125 0.558796 0.0229167 0.0712963
0 0.68099 0.347685 0.0109375 0.0527778
0 0.239583 0.456481 0.0145833 0.0592593
0 0.357812 0.439815 0.0166667 0.062963
0 0.733073 0.500926 0.0171875 0.0574074
0 0.396354 0.561111 0.0197917 0.0703704
0 0.391927 0.397685 0.0119792 0.0490741
0 0.81224 0.409259 0.0140625 0.0555556
0 0.477604 0.434259 0.0125 0.0555556
0 0.792708 0.514352 0.0166667 0.0712963
0 0.479688 0.513889 0.0166667 0.062963
