0 0.521615 0.325463 0.0109375 0.0583333
0 0.507552 0.352315 0.0140625 0.0435185
0 0.432292 0.401852 0.0135417 0.05
0 0.526823 0.519444 0.0130208 0.062963
0 0.603906 0.325463 0.0203125 0.0583333
0 0.63125 0.326389 0.0135417 0.0527778
0 0.347917 0.511574 0.0166667 0.0583333
0 0.521615 0.439815 0.0140625 0.0611111
0 0.834635 0.296759 0.0109375 0.0509259
0 0.44349 0.443519 0.0182292 0.0611111
0 0.733594 0.356481 0.0119792 0.0574074
0 0.371094 0.534722 0.0171875 0.0694444
0 0.867708 0.418056 0.0166667 0.0546296
0 0.83776 0.518519 0.0192708 0.0759259
0 0.766406 0.505093 0.0182292 0.0638889
0 0.442187 0.571296 0.01875 0.0722222
