0 0.532812 0.308333 0.0135417 0.0555556
0 0.992448 0.418056 0.0151042 0.0583333
0 0.406771 0.381481 0.0125 0.0518519
0 0.561979 0.308796 0.0125 0.0546296
0 0.646875 0.347222 0.01875 0.0574074
0 0.246615 0.438889 0.0161458 0.0574074
0 0.516667 0.364815 0.0177083 0.05
0 0.288281 0.535185 0.0265625 0.114815
0 0.496615 0.42037 0.0140625 0.0574074
0 0.355208 0.425926 0.0125 0.0592593
0 0.689583 0.333796 0.0104167 0.0564815
0 0.838021 0.4 0.0125 0.0574074
0 0.82526 0.508333 0.0182292 0.0685185
0 0.757552 0.485648 0.0151042 0.0638889
0 0.507552 0.508333 0.0171875 0.0703704
0 0.436979 0.552778 0.0239583 0.0722222
