56 0.0794271 0.495833 0.0286458 0.0657407
0 0.851042 0.307407 0.0125 0.062963
0 0.506771 0.305556 0.0114583 0.0481481
0 0.611979 0.321296 0.0125 0.0481481
0 0.546354 0.369907 0.0145833 0.0527778
0 0.669792 0.316204 0.0114583 0.0490741
0 0.451042 0.387963 0.0114583 0.0518519
0 0.209896 0.457407 0.015625 0.0611111
0 0.907552 0.418056 0.0161458 0.0509259
0 0.350781 0.4375 0.0171875 0.0601852
0 0.688542 0.349074 0.0114583 0.0555556
0 0.552083 0.4375 0.0177083 0.0564815
0 0.926562 0.543981 0.021875 0.0731481
0 0.798177 0.49537 0.0182292 0.0537037
0 0.238021 0.597685 0.0166667 0.0675926
0 0.33724 0.530093 0.0161458 0.0601852
0 0.567187 0.527315 0.0166667 0.0657407
0 0.431771 0.548148 0.0197917 0.0648148
