0 0.490104 0.301389 0.009375 0.0435185
0 0.552604 0.30787 0.0145833 0.0583333
0 0.541406 0.311574 0.0140625 0.0564815
0 0.784375 0.287037 0.0114583 0.0555556
0 0.283333 0.505556 0.0177083 0.0666667
0 0.400781 0.387963 0.0119792 0.0518519
0 0.601042 0.333796 0.0177083 0.0546296
0 0.252865 0.442593 0.0140625 0.0592593
0 0.484375 0.422222 0.0125 0.0555556
0 0.297917 0.548148 0.0239583 0.0648148
0 0.486719 0.504167 0.0140625 0.0657407
0 0.371094 0.424537 0.0130208 0.062037
0 0.794792 0.499537 0.0135417 0.0694444
0 0.735937 0.487963 0.0166667 0.0611111
0 0.815365 0.4 0.0119792 0.0574074
0 0.685938 0.338426 0.0104167 0.0527778
0 0.40625 0.545833 0.021875 0.075
