0 0.666146 0.318056 0.021875 0.0490741
0 0.638281 0.289815 0.0130208 0.0462963
0 0.590365 0.25 0.0151042 0.0648148
0 0.602344 0.427315 0.0161458 0.0638889
0 0.903646 0.316204 0.015625 0.0509259
0 0.658854 0.320833 0.0145833 0.0472222
0 0.28125 0.627778 0.0135417 0.0351852
0 0.560156 0.296296 0.0140625 0.0592593
0 0.93125 0.384259 0.015625 0.0555556
0 0.182292 0.450463 0.0145833 0.0675926
0 0.588281 0.380093 0.0140625 0.0527778
0 0.607552 0.427778 0.0161458 0.0518519
0 0.40026 0.55 0.0192708 0.0592593
0 0.951302 0.544444 0.0161458 0.0740741
0 0.490885 0.389352 0.0119792 0.0546296
0 0.414844 0.448611 0.0244792 0.062037
0 0.441927 0.559259 0.0182292 0.0666667
0 0.857031 0.489352 0.0171875 0.062037
0 0.615885 0.531482 0.0213542 0.0648148
