0 0.378906 0.518981 0.0359375 0.0694444
0 0.861979 0.299074 0.0114583 0.0481481
0 0.657031 0.324537 0.0119792 0.0583333
0 0.634896 0.330093 0.0125 0.0564815
0 0.617708 0.324074 0.0125 0.0555556
0 0.763021 0.365741 0.0125 0.0574074
0 0.439063 0.409722 0.0114583 0.0509259
0 0.528646 0.345833 0.0177083 0.0805556
0 0.391667 0.525 0.0197917 0.0685185
0 0.904948 0.425 0.0130208 0.0537037
0 0.789844 0.5125 0.0161458 0.0675926
0 0.870833 0.528704 0.0177083 0.0685185
0 0.5375 0.444907 0.0135417 0.062037
0 0.544271 0.533333 0.0166667 0.0666667
0 0.466406 0.448611 0.0171875 0.0638889
0 0.370052 0.513426 0.0171875 0.0657407
0 0.46276 0.577778 0.0182292 0.0759259
