0 0.514063 0.294907 0.0104167 0.0398148
0 0.539583 0.311111 0.0145833 0.0555556
0 0.804688 0.2875 0.0135417 0.0546296
0 0.526823 0.36713 0.0140625 0.0472222
0 0.255469 0.4375 0.0182292 0.0546296
0 0.659115 0.348611 0.0171875 0.0564815
0 0.570052 0.308796 0.0130208 0.0546296
0 0.415625 0.381944 0.0145833 0.0546296
0 0.695573 0.333333 0.0119792 0.0574074
0 0.507292 0.421296 0.015625 0.0574074
0 0.296875 0.53287 0.025 0.112037
0 0.36224 0.426389 0.0151042 0.0638889
0 0.848177 0.397685 0.0130208 0.0583333
0 0.836719 0.505093 0.0171875 0.0694444
0 0.766406 0.484722 0.0161458 0.0675926
0 0.446354 0.552778 0.0208333 0.0703704
0 0.519531 0.508333 0.0182292 0.0648148
