56 0.108073 0.495833 0.0244792 0.0638889
0 0.55599 0.294907 0.00989583 0.0398148
0 0.578646 0.362037 0.0145833 0.0407407
0 0.71849 0.348148 0.0171875 0.0481481
0 0.709635 0.313426 0.0151042 0.0564815
0 0.713802 0.331481 0.0192708 0.0777778
0 0.869271 0.303241 0.015625 0.0546296
0 0.536198 0.295833 0.00989583 0.0435185
0 0.257812 0.443981 0.0125 0.0601852
0 0.38776 0.427778 0.0203125 0.0537037
0 0.485156 0.378704 0.0140625 0.0518519
0 0.584375 0.423148 0.015625 0.05
0 0.929688 0.40787 0.0166667 0.0527778
0 0.639844 0.311574 0.0119792 0.0527778
0 0.479948 0.539352 0.0182292 0.0657407
0 0.949219 0.530093 0.0192708 0.0712963
0 0.285937 0.571296 0.0197917 0.062963
0 0.821615 0.487037 0.0182292 0.0574074
0 0.370313 0.511111 0.0197917 0.0592593
0 0.602865 0.515278 0.0203125 0.0675926
