0 0.635156 0.290278 0.0119792 0.0453704
0 0.602604 0.424074 0.0229167 0.0685185
0 0.9125 0.315278 0.0145833 0.0527778
0 0.667708 0.316204 0.0177083 0.0527778
0 0.296875 0.631019 0.0125 0.0361111
0 0.594271 0.381481 0.0135417 0.0537037
0 0.95625 0.54537 0.0166667 0.0703704
0 0.443229 0.568056 0.01875 0.0694444
0 0.189063 0.443981 0.01875 0.0675926
0 0.93151 0.380556 0.0140625 0.0537037
0 0.502865 0.388889 0.0151042 0.0537037
0 0.620573 0.426389 0.0192708 0.0527778
0 0.415104 0.550463 0.0208333 0.0583333
0 0.869792 0.487963 0.0197917 0.062963
0 0.43099 0.448611 0.0192708 0.0657407
0 0.624219 0.531944 0.0161458 0.0675926
