0 0.547396 0.309259 0.015625 0.0518519
0 0.521875 0.292593 0.009375 0.0425926
38 0.303385 0.535185 0.0213542 0.103704
0 0.534896 0.366204 0.015625 0.0472222
0 0.814323 0.287963 0.0109375 0.05
0 0.578125 0.307407 0.0125 0.0537037
0 0.422917 0.382407 0.0135417 0.0518519
0 0.263281 0.4375 0.0161458 0.0564815
0 0.666927 0.347685 0.0151042 0.0527778
0 0.371094 0.426852 0.0151042 0.0648148
0 0.514844 0.421296 0.0151042 0.0574074
0 0.857292 0.399074 0.0114583 0.0555556
0 0.528646 0.506944 0.0177083 0.0657407
0 0.704427 0.331944 0.0109375 0.0583333
0 0.30599 0.533333 0.0234375 0.116667
0 0.845052 0.504167 0.0182292 0.0712963
0 0.775521 0.485185 0.0166667 0.0666667
0 0.455729 0.551389 0.01875 0.0731481
