32 0.517708 0.388889 0.00625 0.0166667
0 0.55 0.292593 0.0114583 0.0444444
0 0.57526 0.308333 0.0140625 0.05
0 0.296094 0.436111 0.0161458 0.0574074
0 0.839063 0.287037 0.0104167 0.0518519
0 0.5625 0.3625 0.0145833 0.0453704
0 0.605729 0.308796 0.0125 0.0509259
0 0.695052 0.346759 0.0171875 0.0490741
0 0.452604 0.37963 0.0125 0.05
0 0.338802 0.531018 0.0223958 0.112037
0 0.731771 0.331481 0.0114583 0.0555556
0 0.544531 0.419444 0.0161458 0.0555556
0 0.885156 0.397685 0.0130208 0.0564815
0 0.875521 0.50463 0.0145833 0.0666667
0 0.401823 0.423611 0.0140625 0.0638889
0 0.559375 0.506481 0.0177083 0.0685185
0 0.805729 0.485185 0.0166667 0.0648148
0 0.4875 0.55 0.0197917 0.0740741
