0 0.525521 0.426389 0.015625 0.0657407
0 0.506771 0.296296 0.00833333 0.0407407
0 0.522396 0.312037 0.0114583 0.0518519
0 0.819531 0.305093 0.0119792 0.0583333
0 0.578906 0.326389 0.0119792 0.0546296
0 0.22474 0.447685 0.0161458 0.062037
0 0.516927 0.436574 0.0161458 0.0601852
0 0.530469 0.523148 0.0213542 0.0740741
0 0.534896 0.376389 0.0125 0.0509259
0 0.859896 0.415278 0.0114583 0.0583333
0 0.679688 0.32963 0.0104167 0.0555556
0 0.417188 0.393519 0.0114583 0.0555556
0 0.234896 0.558333 0.0239583 0.062963
0 0.291146 0.523148 0.015625 0.0518519
0 0.40599 0.578241 0.0171875 0.0731481
0 0.345052 0.444907 0.0171875 0.062037
0 0.76224 0.494444 0.0161458 0.0666667
0 0.858073 0.531482 0.0192708 0.0685185
0 0.661719 0.352778 0.0119792 0.0574074
