0 0.638281 0.337037 0.0453125 0.0703704
0 0.327604 0.435648 0.0197917 0.0509259
0 0.408333 0.409259 0.0125 0.0537037
0 0.514323 0.358796 0.0171875 0.0712963
0 0.651563 0.335185 0.0208333 0.0740741
0 0.925 0.440741 0.0166667 0.0592593
0 0.871875 0.313426 0.015625 0.0546296
0 0.526302 0.462963 0.0130208 0.062963
0 0.465625 0.450926 0.0177083 0.0685185
0 0.367188 0.516667 0.0145833 0.062963
0 0.777344 0.38287 0.0109375 0.0546296
0 0.527865 0.542593 0.0151042 0.0722222
0 0.883333 0.535185 0.0135417 0.0703704
0 0.460417 0.57963 0.0177083 0.0740741
0 0.619271 0.333333 0.0135417 0.0611111
0 0.414062 0.503241 0.0145833 0.0657407
0 0.790365 0.512963 0.0182292 0.0685185
