0 0.560156 0.351389 0.0161458 0.0546296
0 0.564583 0.314815 0.0114583 0.062963
0 0.5625 0.431481 0.015625 0.0518519
0 0.626302 0.318056 0.0192708 0.0583333
0 0.329948 0.446296 0.0192708 0.0611111
0 0.869271 0.294907 0.0135417 0.0527778
0 0.676562 0.339352 0.0135417 0.0527778
0 0.476823 0.394444 0.0119792 0.0518519
0 0.449219 0.434259 0.0182292 0.0685185
0 0.360417 0.513889 0.0166667 0.0592593
0 0.567187 0.514352 0.0145833 0.0638889
0 0.902865 0.411111 0.0119792 0.0592593
0 0.88151 0.513889 0.0171875 0.0703704
0 0.768229 0.347685 0.0114583 0.0583333
0 0.821094 0.503241 0.0161458 0.0601852
0 0.482031 0.560648 0.0223958 0.0768519
0 0.379948 0.556481 0.0213542 0.0666667
