0 0.636979 0.289352 0.0114583 0.0435185
0 0.432813 0.565741 0.04375 0.0722222
56 0.053125 0.494907 0.0291667 0.0675926
0 0.302865 0.635185 0.0140625 0.0425926
0 0.916927 0.313889 0.0171875 0.0537037
0 0.671094 0.318056 0.0151042 0.0546296
0 0.62526 0.425926 0.0203125 0.0518519
0 0.507552 0.390278 0.0161458 0.0527778
0 0.933333 0.380093 0.0125 0.0546296
0 0.59974 0.384259 0.0119792 0.0518519
0 0.445833 0.57037 0.0166667 0.0685185
0 0.191927 0.445833 0.0171875 0.0657407
0 0.959115 0.547685 0.0203125 0.0712963
0 0.41901 0.551852 0.0182292 0.062963
0 0.873438 0.488889 0.01875 0.062963
0 0.436719 0.447222 0.0213542 0.0666667
0 0.629167 0.53287 0.01875 0.0657407
