0 0.551302 0.296296 0.0151042 0.0537037
56 0.0544271 0.49537 0.0286458 0.0648148
0 0.895573 0.316204 0.0161458 0.0490741
0 0.583073 0.375 0.0130208 0.0518519
0 0.651042 0.310648 0.021875 0.0601852
0 0.679948 0.318981 0.0151042 0.0527778
0 0.930729 0.393056 0.0114583 0.0509259
0 0.485156 0.390741 0.0182292 0.0555556
0 0.270573 0.623148 0.0182292 0.0462963
0 0.40026 0.45 0.0161458 0.062963
0 0.598177 0.42963 0.0151042 0.0592593
0 0.184375 0.455556 0.0145833 0.0666667
0 0.388802 0.550926 0.0192708 0.0592593
0 0.949219 0.543519 0.0203125 0.0703704
0 0.444792 0.558333 0.0208333 0.062963
0 0.610937 0.531018 0.0197917 0.0675926
0 0.846875 0.489815 0.0197917 0.062963
