0 0.545052 0.292593 0.0109375 0.0407407
0 0.570573 0.309722 0.0151042 0.0527778
0 0.833854 0.286111 0.0114583 0.0537037
0 0.558073 0.363889 0.0161458 0.0462963
0 0.447917 0.380556 0.0145833 0.05
0 0.601562 0.308333 0.0125 0.0518519
0 0.290104 0.435648 0.01875 0.0564815
0 0.727083 0.330556 0.009375 0.0555556
0 0.690365 0.346296 0.0151042 0.0537037
0 0.554948 0.506019 0.0171875 0.0638889
0 0.539583 0.418981 0.0145833 0.0583333
0 0.332812 0.531944 0.0239583 0.113889
0 0.396875 0.425 0.015625 0.0685185
0 0.871094 0.505093 0.0161458 0.0657407
0 0.88125 0.399074 0.0114583 0.0555556
0 0.800521 0.484722 0.0166667 0.0675926
0 0.482552 0.549537 0.0171875 0.0731481
