0 0.579948 0.329167 0.0192708 0.0564815
0 0.607552 0.330093 0.0119792 0.0546296
0 0.402865 0.406944 0.00989583 0.0453704
0 0.495313 0.327778 0.0125 0.0481481
0 0.480729 0.358333 0.0135417 0.0444444
0 0.811198 0.3 0.0119792 0.0462963
0 0.319531 0.51713 0.0182292 0.0583333
0 0.498698 0.528704 0.0140625 0.0685185
0 0.495052 0.443981 0.0151042 0.0564815
0 0.709375 0.361574 0.0114583 0.0564815
0 0.416667 0.45 0.0166667 0.0537037
0 0.84349 0.423148 0.0161458 0.0555556
0 0.342187 0.537037 0.01875 0.0685185
0 0.811198 0.525926 0.0213542 0.0703704
0 0.413281 0.57963 0.0182292 0.0740741
0 0.739844 0.509259 0.0171875 0.0648148
