0 0.486719 0.348611 0.0140625 0.0509259
0 0.495052 0.303704 0.0119792 0.0388889
0 0.395312 0.40787 0.0135417 0.0712963
0 0.559375 0.313889 0.0177083 0.0592593
0 0.695052 0.344444 0.0130208 0.0592593
0 0.494531 0.506481 0.0140625 0.062963
0 0.792188 0.287963 0.0125 0.0518519
0 0.297135 0.508333 0.0203125 0.0648148
0 0.797396 0.499537 0.0135417 0.0657407
0 0.601302 0.328241 0.0130208 0.0564815
0 0.409115 0.390278 0.0109375 0.0564815
0 0.267448 0.440741 0.0171875 0.0666667
0 0.389323 0.426389 0.00989583 0.0712963
0 0.322396 0.546759 0.0229167 0.0638889
0 0.491146 0.425 0.0135417 0.0574074
0 0.741406 0.491667 0.0182292 0.0592593
0 0.409896 0.555556 0.0166667 0.0666667
0 0.826823 0.402778 0.0140625 0.0555556
