0 0.403125 0.40787 0.0125 0.0546296
0 0.806771 0.300926 0.0114583 0.0481481
0 0.604427 0.331944 0.0151042 0.0509259
0 0.477604 0.35787 0.0135417 0.0453704
0 0.575 0.327778 0.0197917 0.0592593
0 0.496094 0.523611 0.0140625 0.0657407
0 0.314323 0.518981 0.0192708 0.0638889
0 0.49375 0.325 0.0114583 0.0444444
0 0.410417 0.443519 0.0197917 0.0685185
0 0.33724 0.5375 0.0171875 0.075
0 0.705729 0.359722 0.0125 0.0583333
0 0.839063 0.420833 0.015625 0.0527778
0 0.805208 0.523611 0.0197917 0.0731481
0 0.492188 0.441204 0.0145833 0.0583333
0 0.736979 0.509259 0.0166667 0.062963
0 0.408854 0.578241 0.0177083 0.0712963
