0 0.696615 0.325463 0.0119792 0.062037
0 0.684635 0.34213 0.0161458 0.0583333
0 0.691927 0.335185 0.0161458 0.0685185
0 0.436719 0.4125 0.0151042 0.0583333
0 0.547917 0.357407 0.0177083 0.0796296
0 0.364323 0.433333 0.0151042 0.0666667
0 0.501302 0.450463 0.0161458 0.0675926
0 0.560677 0.465278 0.0140625 0.0657407
0 0.658333 0.334259 0.0125 0.062963
0 0.970833 0.444907 0.015625 0.0657407
0 0.452865 0.497685 0.0161458 0.0694444
0 0.820312 0.384259 0.0125 0.0574074
0 0.40026 0.517593 0.0171875 0.0685185
0 0.917708 0.315741 0.0145833 0.0555556
0 0.558073 0.551852 0.0171875 0.0777778
0 0.927865 0.539352 0.0119792 0.075
0 0.496615 0.578241 0.0192708 0.0712963
0 0.832292 0.516204 0.01875 0.0712963
