0 0.996094 0.432407 0.0078125 0.0574074
0 0.665885 0.346296 0.0223958 0.0592593
0 0.507292 0.299074 0.00833333 0.0388889
0 0.819271 0.306944 0.0114583 0.0564815
0 0.523177 0.312963 0.0119792 0.0518519
0 0.577344 0.327315 0.0119792 0.0546296
0 0.515365 0.435185 0.0140625 0.0592593
0 0.533333 0.376389 0.0145833 0.0490741
0 0.22526 0.447222 0.0182292 0.0648148
0 0.528385 0.523148 0.0182292 0.0703704
0 0.857292 0.414815 0.0114583 0.0518519
0 0.679167 0.330556 0.0104167 0.0574074
0 0.238542 0.558333 0.0197917 0.062963
0 0.415365 0.391667 0.0109375 0.0537037
0 0.290885 0.523148 0.0140625 0.0518519
0 0.761719 0.494907 0.0171875 0.0675926
0 0.34375 0.44537 0.0177083 0.0611111
0 0.660417 0.352315 0.0114583 0.0583333
0 0.85651 0.531482 0.0182292 0.0685185
0 0.405208 0.57963 0.0177083 0.0722222
