0 0.532812 0.308796 0.0125 0.0583333
0 0.507031 0.362963 0.0151042 0.0425926
0 0.992969 0.419907 0.0140625 0.0657407
0 0.554688 0.307407 0.0125 0.05
0 0.789844 0.287037 0.0130208 0.0537037
0 0.402083 0.387963 0.0125 0.0481481
0 0.243229 0.44537 0.0166667 0.0611111
0 0.282552 0.50787 0.0171875 0.0694444
0 0.278646 0.561574 0.01875 0.0601852
0 0.628125 0.34537 0.0229167 0.0555556
0 0.422917 0.543056 0.0208333 0.0638889
0 0.488802 0.419907 0.0130208 0.0564815
0 0.35599 0.426852 0.0151042 0.0685185
0 0.686198 0.335185 0.0119792 0.0537037
0 0.825521 0.399074 0.0135417 0.0518519
0 0.814844 0.507407 0.0203125 0.0648148
0 0.748438 0.485185 0.015625 0.0648148
0 0.496354 0.506944 0.0166667 0.0657407
