56 0.0523437 0.495833 0.0276042 0.0657407
0 0.901042 0.316204 0.0145833 0.0453704
0 0.656771 0.317593 0.0145833 0.0462963
0 0.557031 0.29537 0.0161458 0.0574074
0 0.276823 0.627778 0.0161458 0.0388889
0 0.183333 0.450926 0.0125 0.0648148
0 0.67474 0.317593 0.0119792 0.0481481
0 0.93125 0.386111 0.0125 0.0555556
0 0.488281 0.389352 0.0130208 0.0509259
0 0.39349 0.551852 0.0171875 0.0592593
0 0.951302 0.543519 0.0161458 0.0759259
0 0.586198 0.37963 0.0130208 0.0518519
0 0.409896 0.447685 0.0197917 0.0601852
0 0.604688 0.428241 0.0166667 0.0546296
0 0.44375 0.558796 0.0197917 0.0657407
0 0.852344 0.488889 0.0151042 0.0592593
0 0.613542 0.531018 0.0239583 0.0675926
