0 0.388542 0.518056 0.0427083 0.0675926
0 0.625 0.325 0.0135417 0.0592593
0 0.664062 0.325926 0.0135417 0.0648148
0 0.646875 0.33287 0.0125 0.0527778
0 0.873177 0.297222 0.0130208 0.0611111
0 0.535156 0.340278 0.0140625 0.0787037
0 0.442969 0.408796 0.0130208 0.0509259
0 0.772917 0.368519 0.0145833 0.0592593
0 0.401823 0.518981 0.0171875 0.0675926
0 0.91901 0.426852 0.0171875 0.0555556
0 0.883594 0.531018 0.0161458 0.0694444
0 0.377344 0.516204 0.0171875 0.0675926
0 0.473177 0.450463 0.0182292 0.0657407
0 0.543229 0.448611 0.0145833 0.0601852
0 0.797917 0.513889 0.0177083 0.0685185
0 0.553125 0.535185 0.0145833 0.0666667
0 0.46849 0.577315 0.0171875 0.0731481
