0 0.448698 0.563426 0.0359375 0.0657407
0 0.3125 0.63287 0.0125 0.0324074
0 0.92474 0.311111 0.0130208 0.0518519
0 0.678906 0.316667 0.0171875 0.0518519
0 0.607292 0.38287 0.0125 0.0546296
0 0.201302 0.443981 0.0151042 0.0638889
0 0.96875 0.546759 0.0177083 0.0712963
0 0.633854 0.426852 0.01875 0.0537037
0 0.45599 0.568981 0.0171875 0.0694444
0 0.429427 0.55 0.0192708 0.0611111
0 0.515885 0.389352 0.0161458 0.0527778
0 0.884115 0.487963 0.0192708 0.0611111
0 0.942187 0.381481 0.0125 0.0555556
0 0.445833 0.447685 0.0208333 0.0638889
0 0.638021 0.531944 0.01875 0.0657407
