0 0.678646 0.331481 0.01875 0.0703704
0 0.446875 0.413426 0.0114583 0.0601852
0 0.896094 0.308796 0.0130208 0.0583333
0 0.949479 0.438889 0.0166667 0.0555556
0 0.545052 0.350926 0.0151042 0.0759259
0 0.48776 0.451389 0.0182292 0.0675926
0 0.641146 0.332407 0.0125 0.0592593
0 0.554688 0.456481 0.0114583 0.0648148
0 0.423698 0.514815 0.0182292 0.0648148
0 0.796354 0.376389 0.01875 0.0601852
0 0.567187 0.541667 0.0145833 0.0703704
0 0.909375 0.536574 0.015625 0.075
0 0.390104 0.516667 0.0135417 0.0648148
0 0.816667 0.516204 0.0166667 0.0731481
0 0.481771 0.580556 0.0177083 0.0740741
