0 0.290885 0.431019 0.0140625 0.0601852
0 0.352604 0.522222 0.0333333 0.0703704
0 0.513281 0.31713 0.0109375 0.0453704
0 0.81875 0.296296 0.0135417 0.0462963
0 0.588542 0.320833 0.015625 0.0583333
0 0.49974 0.350463 0.0130208 0.0435185
0 0.513281 0.431944 0.0130208 0.0527778
0 0.426302 0.421296 0.0151042 0.1
0 0.332552 0.508333 0.0161458 0.0666667
0 0.720312 0.351852 0.0135417 0.0574074
0 0.61901 0.325926 0.0130208 0.0518519
0 0.517187 0.514352 0.015625 0.0638889
0 0.757812 0.497685 0.0145833 0.0638889
0 0.43151 0.568519 0.0182292 0.0759259
0 0.853385 0.412963 0.0171875 0.0537037
0 0.821094 0.512963 0.0161458 0.0703704
0 0.358073 0.536574 0.0192708 0.0694444
