0 0.501562 0.424074 0.01875 0.0666667
0 0.496875 0.299074 0.0104167 0.0425926
0 0.517969 0.32037 0.0140625 0.0481481
0 0.510677 0.374074 0.0171875 0.05
0 0.489062 0.431944 0.0145833 0.0546296
0 0.552604 0.323148 0.0114583 0.0537037
0 0.276823 0.524537 0.0203125 0.0638889
0 0.267708 0.55463 0.0208333 0.087037
0 0.646615 0.35787 0.0119792 0.0509259
0 0.677344 0.339352 0.00989583 0.0527778
0 0.836979 0.412963 0.0114583 0.0611111
0 0.227604 0.445833 0.0166667 0.0601852
0 0.983073 0.42963 0.0192708 0.0648148
0 0.336198 0.441204 0.0151042 0.0675926
0 0.391927 0.391667 0.00989583 0.0518519
0 0.502083 0.522222 0.0208333 0.0648148
0 0.82526 0.518056 0.0161458 0.0694444
0 0.41901 0.571759 0.0192708 0.0768519
0 0.751042 0.493519 0.0145833 0.0703704
