38 0.298438 0.508796 0.0197917 0.0657407
0 0.513802 0.294444 0.00989583 0.0407407
0 0.289583 0.552315 0.0197917 0.0731481
0 0.804167 0.287037 0.0135417 0.0555556
0 0.539323 0.311574 0.0140625 0.0564815
0 0.526042 0.363889 0.0145833 0.0444444
0 0.658594 0.348148 0.0171875 0.0555556
0 0.569792 0.310185 0.0135417 0.0537037
0 0.254948 0.4375 0.0171875 0.0583333
0 0.297135 0.528241 0.0223958 0.10463
0 0.414583 0.382407 0.0135417 0.0537037
0 0.50651 0.421296 0.0161458 0.0574074
0 0.695312 0.333333 0.0114583 0.0574074
0 0.847656 0.397685 0.0130208 0.0564815
0 0.361458 0.426852 0.0135417 0.062963
0 0.765885 0.484722 0.0161458 0.0675926
0 0.835938 0.50463 0.0177083 0.0703704
0 0.51849 0.509259 0.0171875 0.0648148
0 0.445833 0.553241 0.0208333 0.0694444
