0 0.535677 0.307407 0.0151042 0.0481481
0 0.295573 0.511111 0.0203125 0.0722222
0 0.79974 0.289815 0.0119792 0.0462963
0 0.521094 0.366667 0.0171875 0.0462963
0 0.24974 0.437963 0.0140625 0.0555556
0 0.410677 0.381944 0.0130208 0.0527778
0 0.565365 0.308796 0.0119792 0.0527778
0 0.652344 0.346296 0.0171875 0.0555556
0 0.289844 0.539352 0.0213542 0.10463
0 0.501042 0.420833 0.0135417 0.0564815
0 0.358073 0.427315 0.0151042 0.0694444
0 0.691927 0.334259 0.0109375 0.0592593
0 0.51224 0.508796 0.0171875 0.0657407
0 0.830469 0.506481 0.0161458 0.0685185
0 0.761198 0.486574 0.0182292 0.0675926
0 0.842188 0.399074 0.0135417 0.0574074
0 0.441146 0.550926 0.0208333 0.0740741
