0 0.564323 0.300463 0.0119792 0.0527778
0 0.542188 0.287963 0.00833333 0.0351852
0 0.857813 0.294444 0.0145833 0.0722222
0 0.584375 0.361111 0.0125 0.05
0 0.627083 0.315278 0.0114583 0.0490741
0 0.71901 0.318519 0.0119792 0.0537037
0 0.273438 0.434722 0.0145833 0.0675926
0 0.395833 0.430556 0.0177083 0.062963
0 0.909375 0.402315 0.0145833 0.0564815
0 0.569792 0.423148 0.01875 0.0537037
0 0.910156 0.521759 0.0182292 0.0657407
0 0.471875 0.37963 0.0125 0.0518519
0 0.344531 0.506944 0.0140625 0.0546296
0 0.702865 0.346759 0.0140625 0.0546296
0 0.284115 0.549537 0.0234375 0.0601852
0 0.461979 0.555093 0.01875 0.0675926
0 0.807813 0.480556 0.0125 0.0648148
0 0.588802 0.510185 0.0244792 0.0685185
