0 0.663021 0.336111 0.0302083 0.0648148
0 0.359635 0.4375 0.0192708 0.0509259
0 0.440885 0.408796 0.0119792 0.0546296
0 0.688542 0.335185 0.021875 0.0740741
0 0.559375 0.463426 0.0125 0.0657407
0 0.967708 0.443981 0.015625 0.062037
0 0.815885 0.384722 0.0109375 0.0583333
0 0.547656 0.356481 0.0161458 0.0777778
0 0.913802 0.315741 0.0130208 0.0518519
0 0.497917 0.451389 0.0177083 0.0694444
0 0.56276 0.546296 0.0151042 0.0759259
0 0.398438 0.517593 0.0166667 0.0740741
0 0.65599 0.334722 0.0130208 0.0601852
0 0.44401 0.507407 0.0161458 0.0666667
0 0.925 0.537963 0.0145833 0.0740741
0 0.829167 0.516667 0.01875 0.0722222
0 0.493229 0.581019 0.0177083 0.0731481
