0 0.515104 0.294907 0.009375 0.0416667
0 0.805729 0.287037 0.0135417 0.0537037
0 0.540365 0.311111 0.0151042 0.0574074
0 0.256771 0.437963 0.0177083 0.0537037
0 0.570833 0.310185 0.0135417 0.0537037
0 0.528125 0.365741 0.0145833 0.0462963
0 0.416406 0.382407 0.0130208 0.0537037
0 0.660417 0.348611 0.0177083 0.0564815
0 0.36276 0.426389 0.0161458 0.0638889
0 0.507812 0.420833 0.015625 0.0583333
0 0.838021 0.50463 0.0145833 0.0685185
0 0.297396 0.533333 0.0270833 0.107407
0 0.696875 0.331481 0.0104167 0.0592593
0 0.850521 0.398148 0.0114583 0.0555556
0 0.767969 0.486111 0.0161458 0.0666667
0 0.447656 0.552315 0.0213542 0.0731481
0 0.520573 0.508333 0.0182292 0.0648148
