0 0.41224 0.530556 0.0432292 0.0666667
0 0.078125 0.535185 0.0135417 0.0407407
0 0.633073 0.229167 0.0119792 0.0509259
0 0.666667 0.329167 0.01875 0.0601852
0 0.658594 0.325463 0.0151042 0.0583333
0 0.569792 0.339352 0.0177083 0.0694444
0 0.576042 0.326389 0.0125 0.0490741
0 0.694271 0.32963 0.0135417 0.0518519
0 0.907552 0.305093 0.0119792 0.0490741
0 0.564062 0.358796 0.0145833 0.0509259
0 0.482031 0.407407 0.0130208 0.0481481
0 0.49974 0.452778 0.0171875 0.0592593
0 0.400521 0.522222 0.0197917 0.0648148
0 0.801042 0.366667 0.0125 0.062963
0 0.832812 0.521296 0.0177083 0.0648148
0 0.942969 0.42963 0.0151042 0.0574074
0 0.579427 0.448148 0.0151042 0.0574074
0 0.583594 0.534722 0.0140625 0.0694444
0 0.423698 0.535648 0.0203125 0.0694444
0 0.496615 0.583796 0.0182292 0.0787037
0 0.909896 0.5375 0.0229167 0.0768519
