0 0.55625 0.291204 0.0104167 0.0490741
0 0.860156 0.295833 0.0119792 0.0564815
0 0.723958 0.328241 0.0114583 0.0601852
0 0.570573 0.308333 0.0119792 0.0555556
0 0.350521 0.506019 0.0145833 0.0546296
0 0.58125 0.364815 0.0177083 0.0462963
0 0.302865 0.541204 0.0192708 0.0564815
0 0.621875 0.317593 0.0114583 0.0537037
0 0.285417 0.430556 0.015625 0.0592593
0 0.705729 0.338889 0.015625 0.0592593
0 0.46276 0.560185 0.0171875 0.0703704
0 0.565104 0.42037 0.0145833 0.0611111
0 0.398438 0.429167 0.015625 0.0601852
0 0.466406 0.378704 0.0109375 0.0537037
0 0.901042 0.516667 0.0177083 0.0666667
0 0.89974 0.403704 0.0151042 0.0518519
0 0.808594 0.483796 0.0171875 0.062037
0 0.580729 0.508333 0.0177083 0.0685185
