0 0.284115 0.504167 0.0203125 0.0675926
0 0.492188 0.301389 0.0104167 0.0435185
0 0.539583 0.309259 0.0145833 0.0518519
0 0.552604 0.305093 0.0125 0.0564815
0 0.786458 0.288426 0.0114583 0.0527778
0 0.401563 0.387037 0.0114583 0.05
0 0.60625 0.337963 0.0177083 0.0555556
0 0.25026 0.443981 0.0151042 0.0564815
0 0.289323 0.545833 0.0234375 0.0824074
0 0.485677 0.421759 0.0151042 0.0546296
0 0.79974 0.502778 0.0171875 0.0703704
0 0.366406 0.427778 0.0151042 0.062963
0 0.488542 0.503704 0.01875 0.0666667
0 0.407813 0.545833 0.01875 0.0712963
0 0.738542 0.489352 0.0197917 0.0583333
0 0.686198 0.338426 0.00989583 0.0546296
0 0.815104 0.399074 0.0114583 0.0574074
