0 0.699219 0.328704 0.0140625 0.0666667
0 0.692448 0.337037 0.0171875 0.0666667
0 0.686458 0.347685 0.01875 0.0601852
0 0.55 0.359722 0.015625 0.0768519
0 0.920573 0.314352 0.0140625 0.0546296
0 0.438542 0.413426 0.0135417 0.0564815
0 0.366146 0.431019 0.015625 0.0675926
0 0.563802 0.464352 0.0140625 0.0657407
0 0.504167 0.450463 0.015625 0.0712963
0 0.834896 0.518519 0.0177083 0.0722222
0 0.660156 0.334722 0.0130208 0.0657407
0 0.402604 0.518056 0.0177083 0.0694444
0 0.822917 0.383333 0.0114583 0.0574074
0 0.973437 0.444907 0.015625 0.0675926
0 0.453906 0.49537 0.0171875 0.0703704
0 0.560417 0.551389 0.0177083 0.0805556
0 0.498698 0.578704 0.0182292 0.0740741
0 0.930208 0.541204 0.0125 0.0768519
