0 0.661719 0.330556 0.0140625 0.0703704
0 0.65599 0.336111 0.0286458 0.0722222
0 0.40651 0.409259 0.0130208 0.0518519
0 0.648438 0.341667 0.015625 0.0555556
0 0.516146 0.362963 0.0166667 0.0740741
0 0.878906 0.313889 0.0130208 0.05
0 0.931771 0.441204 0.0135417 0.0601852
0 0.336458 0.431481 0.015625 0.0648148
0 0.783333 0.382407 0.0114583 0.0574074
0 0.626042 0.336111 0.0135417 0.0574074
0 0.529427 0.463889 0.0140625 0.0648148
0 0.470313 0.450463 0.0145833 0.0694444
0 0.422396 0.496759 0.0177083 0.0657407
0 0.371354 0.51713 0.0166667 0.0694444
0 0.526302 0.549074 0.0182292 0.0703704
0 0.466927 0.577778 0.0161458 0.0703704
0 0.889063 0.535648 0.0125 0.0694444
0 0.795833 0.513889 0.01875 0.0685185
