0 0.376823 0.518981 0.0328125 0.0694444
0 0.860937 0.3 0.0114583 0.0518519
0 0.65625 0.324074 0.0125 0.0555556
0 0.616927 0.325 0.0119792 0.0592593
0 0.633073 0.330093 0.0119792 0.0583333
0 0.527604 0.344444 0.01875 0.0759259
0 0.439323 0.409722 0.0119792 0.0509259
0 0.761458 0.364352 0.0145833 0.0583333
0 0.390104 0.525 0.0166667 0.0703704
0 0.902865 0.426389 0.0130208 0.0546296
0 0.54375 0.532407 0.0166667 0.0648148
0 0.7875 0.511574 0.015625 0.0675926
0 0.869271 0.528241 0.0177083 0.0694444
0 0.536458 0.443981 0.0125 0.062037
0 0.465625 0.449074 0.0166667 0.062963
0 0.36901 0.513426 0.0171875 0.0675926
0 0.461719 0.577315 0.0182292 0.075
