56 0.0942708 0.4875 0.0270833 0.0675926
0 0.995573 0.547685 0.00885417 0.0694444
56 0.0703125 0.494907 0.028125 0.0675926
0 0.951563 0.318981 0.0166667 0.0490741
0 0.672135 0.289352 0.0109375 0.0453704
0 0.230208 0.443056 0.0177083 0.0675926
0 0.344792 0.632407 0.0145833 0.037037
0 0.70625 0.317593 0.015625 0.0518519
0 0.969531 0.381944 0.0130208 0.0527778
0 0.661458 0.427315 0.0208333 0.0527778
0 0.542708 0.389815 0.0166667 0.05
0 0.484896 0.571759 0.015625 0.0657407
0 0.634375 0.383333 0.0125 0.0537037
0 0.457552 0.550463 0.0182292 0.062037
0 0.911979 0.488426 0.0177083 0.0638889
0 0.473437 0.448148 0.0197917 0.0648148
0 0.667188 0.531482 0.0197917 0.0666667
