0 0.501823 0.296296 0.0130208 0.0462963
0 0.792969 0.290741 0.0130208 0.05
0 0.993229 0.421296 0.0135417 0.0592593
0 0.532031 0.308796 0.0130208 0.0527778
0 0.28099 0.555556 0.0213542 0.0685185
0 0.511979 0.3625 0.015625 0.0490741
0 0.245573 0.439352 0.0171875 0.0564815
0 0.558333 0.308333 0.0114583 0.0592593
0 0.286979 0.523148 0.0229167 0.0962963
0 0.404427 0.383796 0.0119792 0.0527778
0 0.68724 0.334259 0.0130208 0.0537037
0 0.353646 0.426852 0.0135417 0.0666667
0 0.820052 0.509259 0.0161458 0.0722222
0 0.639583 0.346759 0.0135417 0.0564815
0 0.492188 0.421296 0.0135417 0.0555556
0 0.503906 0.505556 0.0171875 0.0648148
0 0.832812 0.4 0.0177083 0.0555556
0 0.754167 0.485185 0.0177083 0.062963
0 0.43099 0.550463 0.0244792 0.0675926
