0 0.579427 0.418981 0.0171875 0.0990741
0 0.653125 0.30787 0.0104167 0.0509259
0 0.192708 0.453704 0.0145833 0.0611111
0 0.641146 0.318056 0.0125 0.0490741
0 0.883854 0.315278 0.015625 0.0583333
0 0.574479 0.37037 0.015625 0.05
0 0.536458 0.3125 0.0125 0.0453704
0 0.694271 0.325926 0.0125 0.0555556
0 0.584115 0.434722 0.0192708 0.0601852
0 0.372917 0.545833 0.0229167 0.0583333
0 0.444531 0.548148 0.0203125 0.0666667
0 0.474219 0.388426 0.0109375 0.0472222
0 0.255729 0.617593 0.0166667 0.0574074
0 0.929948 0.4 0.0161458 0.0555556
0 0.601302 0.529167 0.0192708 0.0675926
0 0.383073 0.443056 0.0182292 0.0601852
0 0.948438 0.545833 0.0208333 0.0694444
0 0.833854 0.490278 0.015625 0.0657407
