0 0.535417 0.308333 0.015625 0.05
0 0.992448 0.420833 0.0151042 0.0601852
0 0.295052 0.509722 0.0203125 0.0712963
0 0.799479 0.289352 0.0114583 0.0472222
0 0.520833 0.366667 0.0177083 0.0462963
0 0.410417 0.381481 0.0135417 0.0537037
0 0.248958 0.437963 0.0145833 0.0555556
0 0.565104 0.309259 0.0125 0.0537037
0 0.289583 0.539352 0.021875 0.106481
0 0.651823 0.347222 0.0182292 0.0555556
0 0.500521 0.421296 0.0135417 0.0555556
0 0.358073 0.427315 0.0151042 0.0694444
0 0.691406 0.334722 0.0109375 0.0564815
0 0.5125 0.507407 0.0177083 0.0666667
0 0.760938 0.486574 0.0177083 0.0675926
0 0.841667 0.399074 0.0135417 0.0574074
0 0.830208 0.506944 0.015625 0.0694444
0 0.440625 0.550926 0.0208333 0.0740741
