0 0.788281 0.300463 0.0119792 0.0509259
0 0.51901 0.314815 0.0119792 0.0444444
0 0.264583 0.569907 0.015625 0.0712963
0 0.492448 0.302778 0.0119792 0.0462963
0 0.273438 0.525463 0.0197917 0.0675926
0 0.551042 0.316204 0.0114583 0.0509259
0 0.483333 0.42963 0.0145833 0.0555556
0 0.503385 0.375 0.0151042 0.0481481
0 0.267969 0.551852 0.0203125 0.103704
0 0.678125 0.342593 0.0104167 0.0555556
0 0.228385 0.449074 0.0161458 0.0574074
0 0.988021 0.434722 0.0208333 0.0564815
0 0.391146 0.394907 0.0114583 0.0527778
0 0.6375 0.357407 0.0166667 0.0555556
0 0.495313 0.516667 0.0177083 0.0666667
0 0.829427 0.40787 0.0130208 0.0564815
0 0.33776 0.439815 0.0161458 0.0648148
0 0.747396 0.495833 0.0177083 0.0694444
0 0.421875 0.563889 0.0208333 0.0777778
0 0.817187 0.516667 0.0135417 0.0703704
