0 0.808073 0.286111 0.0130208 0.0537037
0 0.541927 0.310648 0.0161458 0.0527778
0 0.258333 0.438889 0.0166667 0.0537037
0 0.516146 0.294444 0.009375 0.0407407
0 0.529427 0.363889 0.0171875 0.0481481
0 0.6625 0.348148 0.0166667 0.0537037
0 0.573698 0.309722 0.0130208 0.0546296
0 0.417969 0.381019 0.0140625 0.0527778
0 0.365104 0.425 0.0145833 0.062963
0 0.3 0.53287 0.0270833 0.112037
0 0.509896 0.421296 0.015625 0.0574074
0 0.840104 0.50463 0.015625 0.0685185
0 0.44974 0.554167 0.0213542 0.0694444
0 0.698958 0.332407 0.0125 0.0555556
0 0.769531 0.486111 0.0161458 0.0666667
0 0.851823 0.399537 0.0109375 0.0546296
0 0.521875 0.508796 0.01875 0.0657407
