0 0.411719 0.515741 0.0494792 0.0703704
0 0.682813 0.333333 0.0208333 0.0685185
0 0.446615 0.412037 0.0119792 0.0574074
0 0.959375 0.440741 0.0166667 0.062963
0 0.903646 0.3125 0.0145833 0.0546296
0 0.558073 0.456944 0.0119792 0.062037
0 0.806771 0.377778 0.0145833 0.0592593
0 0.394531 0.516667 0.0151042 0.0666667
0 0.547396 0.354167 0.0145833 0.0787037
0 0.647917 0.332407 0.0104167 0.0592593
0 0.492708 0.451852 0.0197917 0.0703704
0 0.432292 0.511574 0.015625 0.0675926
0 0.91875 0.537963 0.0166667 0.0703704
0 0.567448 0.546296 0.0171875 0.0703704
0 0.823438 0.516667 0.0177083 0.0740741
0 0.486719 0.581481 0.0182292 0.0777778
