0 0.664062 0.30787 0.0104167 0.0527778
0 0.558073 0.365278 0.0213542 0.0564815
0 0.863542 0.325 0.0145833 0.0407407
0 0.516667 0.310648 0.0114583 0.0416667
0 0.61875 0.319907 0.0145833 0.0490741
0 0.203906 0.453704 0.0151042 0.0611111
0 0.696354 0.340278 0.0125 0.0546296
0 0.459896 0.391204 0.0145833 0.0509259
0 0.91849 0.4125 0.0171875 0.0546296
0 0.5625 0.435648 0.021875 0.0564815
0 0.360417 0.438426 0.0177083 0.0601852
0 0.434115 0.539352 0.0182292 0.0583333
0 0.242188 0.608333 0.0166667 0.0740741
0 0.935938 0.543981 0.021875 0.0731481
0 0.34974 0.5375 0.0213542 0.0601852
0 0.58125 0.528704 0.025 0.0648148
0 0.808854 0.494907 0.021875 0.0583333
