56 0.0539063 0.493981 0.0265625 0.0638889
0 0.898438 0.315741 0.0125 0.0425926
0 0.553646 0.29537 0.01875 0.0574074
0 0.653906 0.318519 0.0140625 0.0444444
0 0.585417 0.37963 0.015625 0.0537037
0 0.390885 0.550926 0.0171875 0.0611111
0 0.183854 0.453704 0.0145833 0.0666667
0 0.601823 0.427778 0.0140625 0.05
0 0.676823 0.318056 0.0119792 0.0527778
0 0.486198 0.389815 0.0161458 0.0518519
0 0.930729 0.391204 0.0125 0.0546296
0 0.274219 0.626389 0.0203125 0.0435185
0 0.405469 0.449537 0.0182292 0.0601852
0 0.94974 0.542593 0.0192708 0.0722222
0 0.445052 0.559722 0.0203125 0.0657407
0 0.85 0.489815 0.0166667 0.0611111
0 0.61276 0.532407 0.0234375 0.0685185
