0 0.353906 0.444907 0.0171875 0.037963
0 0.684375 0.335185 0.0197917 0.0703704
0 0.90625 0.311111 0.0135417 0.0518519
0 0.446615 0.409259 0.0119792 0.0537037
0 0.547656 0.354167 0.0140625 0.0787037
0 0.558594 0.456481 0.0130208 0.062963
0 0.960677 0.441204 0.0161458 0.062037
0 0.807552 0.378704 0.0130208 0.0611111
0 0.49349 0.451852 0.0192708 0.0685185
0 0.395312 0.516204 0.015625 0.0675926
0 0.649219 0.332407 0.00989583 0.0574074
0 0.434896 0.509259 0.0166667 0.0685185
0 0.919792 0.538426 0.0145833 0.075
0 0.48724 0.581481 0.0192708 0.0777778
0 0.825 0.516667 0.0177083 0.0722222
0 0.566927 0.547222 0.0171875 0.0703704
