0 0.408594 0.412963 0.0109375 0.0555556
0 0.65599 0.34537 0.0203125 0.0648148
0 0.671354 0.326852 0.0135417 0.0722222
0 0.522396 0.360648 0.01875 0.075
0 0.634635 0.3375 0.0130208 0.0564815
0 0.345833 0.428241 0.0177083 0.0694444
0 0.478906 0.450463 0.0151042 0.0712963
0 0.889063 0.311574 0.0114583 0.0527778
0 0.433594 0.492593 0.0151042 0.0703704
0 0.535937 0.463426 0.0166667 0.0694444
0 0.378906 0.516667 0.0151042 0.0685185
0 0.79349 0.381944 0.0130208 0.0601852
0 0.804167 0.514815 0.0166667 0.0703704
0 0.47526 0.576389 0.0203125 0.0768519
0 0.941406 0.440741 0.0130208 0.062963
0 0.897917 0.536574 0.0145833 0.0731481
0 0.529167 0.556019 0.0208333 0.0694444
