0 0.69375 0.334259 0.0177083 0.0740741
0 0.54974 0.358796 0.0161458 0.0787037
0 0.686458 0.348148 0.0177083 0.0592593
0 0.438281 0.413889 0.0151042 0.0574074
0 0.920313 0.315278 0.0135417 0.0527778
0 0.56276 0.464352 0.0161458 0.0657407
0 0.503385 0.450463 0.0161458 0.0694444
0 0.402083 0.518056 0.0177083 0.0675926
0 0.365625 0.431481 0.0145833 0.0685185
0 0.822135 0.383333 0.0109375 0.0574074
0 0.659375 0.333333 0.0125 0.0648148
0 0.833594 0.517593 0.0161458 0.0703704
0 0.973437 0.444444 0.0125 0.0648148
0 0.453385 0.496296 0.0171875 0.0685185
0 0.559635 0.551389 0.0171875 0.0787037
0 0.929167 0.540741 0.0125 0.0759259
0 0.497917 0.577778 0.01875 0.0722222
