0 0.4875 0.348611 0.0145833 0.0490741
0 0.495573 0.303241 0.0109375 0.0398148
0 0.792969 0.288889 0.0130208 0.0518519
0 0.409896 0.389352 0.0104167 0.0509259
0 0.696615 0.34537 0.0119792 0.0555556
0 0.560417 0.314815 0.0166667 0.0592593
0 0.323698 0.543056 0.0234375 0.0638889
0 0.797135 0.502778 0.0161458 0.0666667
0 0.494531 0.506019 0.0140625 0.062037
0 0.410156 0.55787 0.0161458 0.0657407
0 0.299479 0.508796 0.0197917 0.0657407
0 0.390365 0.427315 0.00989583 0.0675926
0 0.26901 0.440741 0.0182292 0.0666667
0 0.601562 0.328241 0.0125 0.0564815
0 0.491667 0.425 0.0135417 0.0574074
0 0.741406 0.493519 0.0192708 0.062963
0 0.828385 0.403241 0.0130208 0.0564815
