0 0.89401 0.306019 0.0119792 0.0527778
0 0.549479 0.347685 0.015625 0.0787037
0 0.457552 0.413889 0.0119792 0.0537037
0 0.682552 0.326389 0.0109375 0.0638889
0 0.642448 0.32963 0.0130208 0.0555556
0 0.940625 0.430093 0.0145833 0.0564815
0 0.488542 0.456481 0.0177083 0.0648148
0 0.664323 0.334722 0.0130208 0.0583333
0 0.559635 0.451389 0.0130208 0.0583333
0 0.56875 0.538426 0.0177083 0.0694444
0 0.415885 0.525463 0.0171875 0.0712963
0 0.792708 0.370833 0.0145833 0.0583333
0 0.817969 0.518981 0.0171875 0.0694444
0 0.390625 0.519444 0.0145833 0.062963
0 0.905729 0.536574 0.0145833 0.0675926
0 0.483594 0.582407 0.0161458 0.0759259
