0 0.0664062 0.536111 0.0151042 0.0407407
0 0.435937 0.409722 0.0125 0.0527778
0 0.346875 0.44213 0.0166667 0.0472222
0 0.951042 0.441204 0.0145833 0.0564815
0 0.895833 0.312037 0.0145833 0.0537037
0 0.485156 0.451389 0.0171875 0.0712963
0 0.673177 0.337037 0.0213542 0.0740741
0 0.538281 0.356481 0.0161458 0.0759259
0 0.549479 0.462037 0.0135417 0.0611111
0 0.908854 0.539352 0.0135417 0.075
0 0.55599 0.54537 0.0182292 0.0685185
0 0.640625 0.335185 0.0114583 0.0592593
0 0.386719 0.517593 0.0140625 0.0703704
0 0.427865 0.508333 0.0140625 0.0685185
0 0.479688 0.581019 0.0166667 0.0731481
0 0.813802 0.514815 0.0182292 0.0685185
0 0.799479 0.380556 0.0125 0.0574074
