0 0.623438 0.332407 0.0135417 0.0574074
0 0.584896 0.325463 0.009375 0.0564815
0 0.829427 0.299074 0.0130208 0.0537037
0 0.407031 0.412963 0.0109375 0.05
0 0.603906 0.338426 0.0161458 0.0546296
0 0.496354 0.346759 0.015625 0.0805556
0 0.339583 0.518981 0.015625 0.0657407
0 0.729948 0.368519 0.0130208 0.0555556
0 0.434635 0.453241 0.0161458 0.0638889
0 0.361719 0.526389 0.0161458 0.0712963
0 0.871094 0.427315 0.0171875 0.0527778
0 0.8375 0.530093 0.0177083 0.0675926
0 0.504427 0.448148 0.0140625 0.0611111
0 0.756771 0.513889 0.0166667 0.0648148
0 0.51276 0.535648 0.0140625 0.0657407
0 0.430469 0.578704 0.0171875 0.0722222
