0 0.601042 0.425 0.0177083 0.0685185
0 0.284896 0.630093 0.0114583 0.0342593
0 0.635938 0.291204 0.0104167 0.0435185
0 0.665625 0.316667 0.025 0.0481481
0 0.182552 0.448148 0.0119792 0.0648148
0 0.93151 0.383796 0.0140625 0.0564815
0 0.563281 0.294907 0.0130208 0.0564815
0 0.590104 0.381481 0.015625 0.0518519
0 0.441667 0.560185 0.0177083 0.0703704
0 0.952083 0.544444 0.015625 0.0666667
0 0.610156 0.429167 0.0151042 0.0509259
0 0.494792 0.386574 0.0114583 0.0509259
0 0.403906 0.552315 0.0192708 0.0601852
0 0.859896 0.487037 0.0177083 0.062963
0 0.417448 0.447685 0.0171875 0.0638889
0 0.617448 0.531018 0.0192708 0.0675926
