0 0.505469 0.305093 0.00989583 0.0453704
0 0.544792 0.368981 0.0166667 0.0472222
0 0.610417 0.322222 0.0125 0.05
0 0.45 0.389815 0.0114583 0.0518519
0 0.848958 0.306481 0.015625 0.0648148
0 0.669531 0.313889 0.0119792 0.0518519
0 0.210156 0.458333 0.0182292 0.0611111
0 0.90651 0.418519 0.0192708 0.0537037
0 0.924219 0.542593 0.0223958 0.0722222
0 0.55026 0.437037 0.0182292 0.0592593
0 0.35 0.439352 0.0177083 0.0601852
0 0.688021 0.351389 0.0135417 0.0509259
0 0.336198 0.52963 0.0151042 0.0611111
0 0.795052 0.49537 0.0213542 0.0555556
0 0.238021 0.596296 0.0166667 0.0666667
0 0.566927 0.528241 0.0161458 0.0657407
0 0.432292 0.549074 0.0197917 0.0648148
