0 0.614583 0.294907 0.01875 0.0546296
0 0.675781 0.288889 0.0130208 0.0425926
0 0.348177 0.631019 0.0130208 0.0361111
0 0.954948 0.313889 0.0140625 0.0537037
0 0.710156 0.316667 0.0161458 0.0518519
0 0.234896 0.444907 0.0166667 0.0638889
0 0.489062 0.568519 0.015625 0.0722222
0 0.548177 0.389815 0.0161458 0.0537037
0 0.97474 0.383796 0.0119792 0.0527778
0 0.665625 0.427315 0.0208333 0.0490741
0 0.463281 0.549074 0.0192708 0.0592593
0 0.638542 0.384259 0.0125 0.05
0 0.916667 0.489815 0.0177083 0.0611111
0 0.477865 0.446759 0.0203125 0.062037
0 0.671875 0.531944 0.0208333 0.0694444
