0 0.432552 0.40787 0.0109375 0.0509259
0 0.345833 0.439815 0.0166667 0.0462963
0 0.895833 0.314352 0.015625 0.0527778
0 0.95026 0.441667 0.0140625 0.0555556
0 0.535937 0.356944 0.0166667 0.0787037
0 0.485156 0.450463 0.0161458 0.0712963
0 0.672656 0.3375 0.0213542 0.075
0 0.385938 0.518056 0.0145833 0.0694444
0 0.547656 0.460648 0.0109375 0.062037
0 0.428906 0.50787 0.0161458 0.0675926
0 0.800521 0.381019 0.0114583 0.0583333
0 0.552865 0.544907 0.0161458 0.0694444
0 0.640365 0.334722 0.0109375 0.0583333
0 0.479688 0.580556 0.0166667 0.0722222
0 0.907552 0.5375 0.0140625 0.075
0 0.813281 0.514815 0.0182292 0.0703704
