0 0.882292 0.324537 0.0177083 0.0435185
0 0.535156 0.308796 0.0151042 0.0490741
0 0.19401 0.454167 0.0140625 0.0601852
56 0.0658854 0.494444 0.0265625 0.0611111
0 0.576823 0.412963 0.0182292 0.107407
0 0.573698 0.374074 0.0171875 0.0592593
0 0.638542 0.31713 0.015625 0.0453704
0 0.580729 0.430556 0.0177083 0.0574074
0 0.44349 0.543056 0.0182292 0.0675926
0 0.370833 0.547222 0.0208333 0.0592593
0 0.696094 0.327778 0.0130208 0.0592593
0 0.471875 0.391204 0.0135417 0.0509259
0 0.38099 0.441204 0.0203125 0.0601852
0 0.929167 0.401852 0.015625 0.0574074
0 0.598437 0.528704 0.0177083 0.0685185
0 0.252604 0.61713 0.01875 0.0546296
0 0.948177 0.546296 0.0192708 0.0685185
0 0.832031 0.489815 0.0161458 0.0648148
