56 0.0692708 0.503704 0.028125 0.0666667
56 0.0924479 0.487963 0.0265625 0.0722222
0 0.948958 0.312963 0.0114583 0.0537037
0 0.994531 0.547222 0.0109375 0.0703704
0 0.342448 0.631481 0.0130208 0.037037
0 0.228906 0.44213 0.0171875 0.0675926
0 0.704687 0.31713 0.0166667 0.0509259
0 0.482812 0.568056 0.0145833 0.0675926
0 0.632812 0.38287 0.0125 0.0527778
0 0.96875 0.381944 0.0135417 0.0527778
0 0.660417 0.427315 0.0197917 0.0527778
0 0.541406 0.389352 0.0151042 0.0490741
0 0.45651 0.550463 0.0192708 0.062037
0 0.910417 0.488889 0.0177083 0.062963
0 0.472396 0.448148 0.0197917 0.0648148
0 0.665365 0.532407 0.0192708 0.0648148
