0 0.284635 0.439352 0.0182292 0.0564815
0 0.489583 0.35 0.0125 0.0444444
0 0.503385 0.310185 0.0109375 0.0462963
0 0.411719 0.418519 0.0223958 0.0962963
0 0.707552 0.348148 0.0119792 0.0537037
0 0.573698 0.318056 0.0151042 0.0657407
0 0.750521 0.495833 0.0197917 0.0657407
0 0.502604 0.427778 0.0135417 0.0574074
0 0.803646 0.290741 0.0125 0.0518519
0 0.315104 0.50463 0.015625 0.0666667
0 0.50599 0.510648 0.0161458 0.0638889
0 0.608594 0.325 0.0130208 0.0574074
0 0.80625 0.506944 0.015625 0.0712963
0 0.41875 0.563889 0.0177083 0.0722222
0 0.840104 0.408333 0.0145833 0.0537037
0 0.340885 0.536111 0.0192708 0.0722222
