0 0.654948 0.290278 0.0119792 0.0435185
0 0.59349 0.293056 0.0192708 0.0546296
0 0.636458 0.426389 0.0302083 0.0657407
0 0.934635 0.312037 0.0119792 0.0537037
0 0.323958 0.633333 0.0135417 0.0333333
0 0.953385 0.381481 0.0119792 0.0537037
0 0.466146 0.57037 0.01875 0.0703704
0 0.526563 0.388889 0.0166667 0.0555556
0 0.617969 0.383796 0.0130208 0.0527778
0 0.690365 0.316667 0.0161458 0.0537037
0 0.213281 0.443981 0.0151042 0.0638889
0 0.979167 0.547685 0.0197917 0.0712963
0 0.440625 0.549537 0.01875 0.0601852
0 0.644531 0.425926 0.0192708 0.0555556
0 0.894531 0.488889 0.0192708 0.0611111
0 0.45651 0.447685 0.0182292 0.0675926
0 0.648958 0.53287 0.01875 0.0657407
