56 0.0658854 0.492593 0.0265625 0.0592593
0 0.535417 0.309722 0.015625 0.0490741
0 0.19401 0.455093 0.0140625 0.0601852
0 0.573698 0.378241 0.0182292 0.0675926
0 0.576823 0.411574 0.0182292 0.106481
0 0.639063 0.316667 0.015625 0.0481481
0 0.695833 0.326852 0.0135417 0.0592593
0 0.581771 0.434259 0.0166667 0.0592593
0 0.44349 0.543519 0.0182292 0.0666667
0 0.472656 0.390741 0.0130208 0.0518519
0 0.371615 0.547685 0.0213542 0.0583333
0 0.381771 0.441204 0.0197917 0.062037
0 0.253385 0.61713 0.0182292 0.0527778
0 0.929167 0.400926 0.015625 0.0574074
0 0.598698 0.528704 0.0171875 0.0685185
0 0.948438 0.546296 0.0208333 0.0703704
0 0.832292 0.490278 0.015625 0.0657407
