0 0.414062 0.525926 0.025 0.062963
0 0.658854 0.325 0.0114583 0.0555556
0 0.676823 0.333796 0.0130208 0.0546296
0 0.698177 0.329167 0.0119792 0.0564815
0 0.478125 0.412037 0.0114583 0.0555556
0 0.807031 0.371296 0.0109375 0.0611111
0 0.835156 0.518981 0.0130208 0.0657407
0 0.56875 0.346296 0.0177083 0.0796296
0 0.919531 0.539352 0.0161458 0.0675926
0 0.503385 0.455093 0.0171875 0.0638889
0 0.910937 0.306481 0.0114583 0.0555556
0 0.577083 0.45 0.0125 0.0574074
0 0.952344 0.431944 0.0130208 0.0583333
0 0.403906 0.518519 0.0171875 0.0648148
0 0.584115 0.5375 0.0151042 0.0694444
0 0.427083 0.533796 0.015625 0.0712963
0 0.498698 0.583333 0.0192708 0.0796296
