0 0.672917 0.341204 0.015625 0.0694444
0 0.821354 0.30463 0.0125 0.0648148
0 0.588281 0.328241 0.0119792 0.0546296
0 0.526823 0.436111 0.0192708 0.0555556
0 0.540885 0.375463 0.0119792 0.0564815
0 0.678906 0.325463 0.0119792 0.0509259
0 0.219792 0.449074 0.0166667 0.0666667
0 0.873438 0.414815 0.0145833 0.0574074
0 0.664323 0.3625 0.0151042 0.0527778
0 0.427604 0.392593 0.0125 0.0555556
0 0.414323 0.569907 0.0182292 0.0657407
0 0.292188 0.524074 0.015625 0.0518519
0 0.227865 0.564815 0.0244792 0.0592593
0 0.543229 0.525463 0.0208333 0.0657407
0 0.346094 0.445833 0.0182292 0.0601852
0 0.871615 0.535185 0.0192708 0.0685185
0 0.76849 0.493981 0.0161458 0.0694444
