0 0.327344 0.4375 0.0192708 0.0509259
0 0.870052 0.312037 0.0161458 0.0518519
0 0.408854 0.409259 0.0114583 0.0537037
0 0.513281 0.358333 0.0161458 0.0722222
0 0.52474 0.462963 0.0130208 0.062963
0 0.65 0.335648 0.0208333 0.075
0 0.923177 0.439352 0.0140625 0.0601852
0 0.463542 0.451852 0.0166667 0.0685185
0 0.77526 0.381481 0.0119792 0.0555556
0 0.881771 0.534722 0.0145833 0.0694444
0 0.527865 0.542593 0.0151042 0.0722222
0 0.411198 0.506019 0.0161458 0.0694444
0 0.366146 0.51713 0.0135417 0.0638889
0 0.458854 0.57963 0.0177083 0.0740741
0 0.618229 0.335185 0.0125 0.0611111
0 0.789062 0.513889 0.01875 0.0703704
